2.146465420542e-06
3.945346103282e-06
5.948737709761e-07
3.689374186339e-07
3.910988475381e-05
6.440385767266e-07
3.202972284466e-06
1.848374018062e-05
2.371682148120e-05
1.207581971369e-06
9.905366065681e-07
3.655576635531e-06
3.941103245366e-06
4.581696149349e-07
5.432805440239e-06
6.741361761449e-07
5.579543724303e-07
2.911388545271e-07
9.620693375904e-07
5.469412502043e-06
9.633429062093e-07
1.199238963570e-06
9.509380416889e-06
2.933912700824e-06
4.641195110149e-06
3.225314320535e-06
1.313139893926e-05
1.058507278659e-06
5.040518296220e-07
5.106745411813e-06
1.271202317830e-05
6.401805024164e-07
5.071248684861e-06
7.495557469167e-07
1.747678800375e-05
1.925317309777e-06
3.555740016172e-06
1.992385780127e-06
7.618681772696e-06
4.391080573478e-06
5.687106925230e-07
4.635342733391e-06
1.439181433748e-06
7.149583333682e-06
1.945957027538e-05
2.223859072298e-06
6.178925222444e-07
7.576958696835e-06
5.213995300823e-07
2.662118763330e-06
1.493640645509e-06
4.397867645253e-07
3.583492914339e-06
2.266370140220e-06
2.123863163751e-06
1.062501847721e-05
5.892857113141e-06
1.517754508717e-06
2.434203040930e-07
1.056652576568e-05
2.664738065544e-07
1.746138140562e-06
3.073047144431e-06
2.880425057094e-06
3.850824879080e-06
5.786983323076e-07
1.293159638721e-07
3.510861876332e-07
6.088148177156e-06
4.457610368182e-06
3.056366910853e-06
1.314816766685e-06
1.152476053891e-06
1.681364321221e-06
3.808941744679e-06
5.585012153099e-06
1.086448903810e-05
2.669135784506e-06
3.343326848816e-06
1.770006881997e-06
2.523084623298e-06
2.480837265595e-06
1.802434849480e-06
1.160095275106e-07
4.671364403230e-06
2.453175809445e-06
2.552367899401e-06
6.081903431359e-06
4.867328187573e-07
8.762795197353e-05
1.080170245684e-05
1.113505956282e-05
7.909711671839e-06
3.648886001936e-06
3.363857898889e-07
9.562045801015e-07
1.294543861187e-06
6.934739168817e-07
2.820585618058e-06
3.700827744072e-07
2.611593444003e-06
4.029500566972e-07
3.027035036166e-06
5.185535126710e-06
1.069378365901e-05
2.560758966484e-06
1.415510376067e-06
1.291294399575e-05
4.794046048844e-06
6.674039368250e-06
2.157896678102e-06
3.028126919142e-05
8.862129222804e-07
1.655324793095e-05
1.067657992218e-05
6.326448214564e-06
8.351152530222e-06
1.391070674521e-05
1.465093598922e-06
4.326104161258e-06
6.251929965984e-06
2.341253549692e-06
2.821194904592e-06
1.191904898106e-06
1.936198232558e-06
6.957330285663e-06
2.093106654271e-05
4.420418503386e-06
2.637969511102e-06
1.327525108525e-06
2.718111752882e-06
3.961440978868e-07
5.605646194943e-07
2.797216994291e-06
3.410533625799e-06
8.065997043176e-06
1.388149992882e-05
7.329675551711e-07
7.870273823593e-07
3.351250787493e-06
1.380134458196e-05
5.900591294995e-07
3.321053034468e-06
6.745562392146e-06
1.143061957759e-06
1.158120931610e-05
5.494353259024e-06
3.155135729820e-06
2.769829093234e-06
1.539343572878e-05
2.284684058982e-06
1.348623701138e-06
4.314172122573e-06
1.188430002909e-05
7.116059974465e-07
1.474313304460e-05
3.112019887826e-06
1.381189922649e-05
1.344739202094e-05
7.152356743675e-06
4.604851790304e-05
1.479248084295e-06
2.208181993184e-06
1.719040221448e-05
6.871044246837e-06
3.956362668842e-07
5.419908107289e-06
2.168357774765e-07
5.394834213869e-06
1.306499691237e-05
1.786669856026e-06
4.947845047841e-06
5.394369870652e-06
2.124314891275e-06
1.870274894475e-06
4.986930086512e-06
4.219782428610e-06
5.261870169633e-06
6.005172741561e-06
2.058825010614e-06
7.931082777976e-06
6.914683482841e-07
3.502187350294e-06
3.442540923750e-06
4.880545848201e-06
1.917705239622e-05
4.278179165884e-06
7.295686733793e-07
6.411984140298e-06
3.763923398550e-06
5.082653535026e-06
1.259649710635e-06
6.704353242427e-07
1.297775707789e-06
1.454995558533e-06
5.516443970398e-06
7.370461043977e-06
1.291120813974e-06
5.011200498781e-07
3.601765821556e-06
4.908590250242e-07
1.950077236107e-06
5.844901891110e-06
1.738687996457e-06
1.754836840964e-06
4.703747326218e-06
9.097366362019e-07
7.555747464876e-07
5.889979426462e-06
7.367443037740e-07
1.646179251924e-07
5.794294437675e-06
4.156484796791e-06
1.643400140254e-06
2.090067553920e-07
8.263307800156e-07
3.884803733036e-06
2.050658094709e-07
1.118700787089e-04
4.430920419760e-07
7.391871140373e-07
6.604765810280e-06
5.302602452739e-07
4.659196471069e-06
1.246952868690e-05
4.490778438403e-06
2.115370138164e-06
3.746629778904e-06
8.411313002122e-07
1.762052779774e-07
3.489476674583e-07
1.322822350961e-06
5.879481604460e-07
3.656503426388e-07
6.157272589835e-06
1.106470357245e-05
8.558090180740e-07
1.030767117385e-06
6.774766613209e-06
2.512282198547e-07
1.266543596676e-06
2.902300698479e-05
1.010553462703e-06
1.149732692451e-06
3.467995738327e-06
9.903914772466e-06
1.732183877848e-06
5.803923853249e-06
4.339868281465e-06
5.915448612450e-07
6.605980169852e-07
2.541801435733e-06
1.228848488316e-05
2.700990160845e-06
4.350815003635e-06
4.739919155624e-07
1.043539930600e-06
4.554979417274e-07
1.015438493506e-05
1.860208551834e-06
5.955141889964e-07
2.343527612158e-06
3.084995900508e-06
5.468096453660e-07
8.943413262543e-06
1.259280879939e-05
6.489862735657e-06
1.321536929150e-05
2.240810899122e-07
5.309643738812e-06
1.397884106837e-05
2.633248740036e-06
7.512765960091e-06
5.028221265004e-05
3.272521020879e-06
2.826862574137e-06
7.625712787356e-06
1.012650670363e-05
2.928545253030e-07
2.884909696870e-07
9.631140831916e-07
6.404979857999e-07
6.150315912631e-07
1.745749388301e-05
4.497234150226e-06
1.580050716042e-06
5.281347759503e-06
6.800682147255e-06
5.935976831796e-06
4.114407588927e-06
1.506959981462e-06
2.306564666793e-06
9.623370168048e-06
1.385286468087e-06
6.476403542984e-07
5.116910182744e-06
2.958439190076e-06
2.703645435105e-07
4.022925876989e-06
6.723375297307e-07
1.086362135693e-06
1.535263196006e-06
9.908911965976e-07
2.204723836892e-06
3.411105717285e-06
5.923997727156e-07
1.592915491806e-06
2.620513044717e-06
8.903534576461e-06
6.454028372663e-07
1.619051619341e-06
1.001293642129e-04
4.279066293929e-06
8.388805208332e-07
3.209941012914e-06
4.643849437440e-05
2.711076615732e-05
1.137566055168e-06
2.577795772613e-06
2.732867847657e-07
7.551642356270e-06
1.812294861965e-06
2.463878164860e-06
1.766052118653e-05
8.983888745343e-06
1.311338950240e-06
3.733384510813e-06
1.624972806076e-06
4.878574224926e-06
4.805168659728e-06
8.567927142986e-07
2.831104873909e-06
3.863685915428e-06
1.076185136300e-05
9.192879077923e-07
5.624026406712e-07
1.832165374333e-06
2.129052440633e-06
7.170575130465e-07
2.334961945335e-07
8.309148122686e-07
3.679629748322e-06
1.400951945140e-05
1.693505179104e-07
1.687746494483e-06
1.075831522257e-05
4.428660947067e-06
3.880756097882e-06
3.526411562005e-07
4.048645120757e-07
1.227022448378e-05
4.532806791473e-06
3.800916760876e-06
2.081776487464e-06
9.919199253399e-06
8.681935474537e-07
6.645256255281e-05
7.763660662449e-06
1.274196467339e-05
1.342982681322e-05
6.600476610533e-06
3.126927084074e-06
8.105490832791e-07
3.293967719683e-06
6.149767103048e-07
3.132585406811e-06
6.023602031975e-07
8.260180796008e-06
1.298848045227e-07
2.142870133710e-06
7.563209483043e-07
1.941445444054e-06
1.010913477205e-05
3.001513250720e-06
1.687264933726e-06
2.343145679572e-06
7.412540122666e-07
1.480161384792e-05
1.315748283239e-06
9.121711767011e-05
3.463620504534e-06
4.019432627116e-06
5.167725996413e-07
2.683980713534e-07
4.079717916631e-07
3.907765470872e-06
1.341254274632e-06
5.697578950180e-06
1.933987511927e-06
7.255389612396e-07
9.830462156128e-06
4.990173853067e-06
5.079477891651e-06
2.441074181989e-06
4.123568598106e-06
4.347234655895e-06
5.917386774959e-07
1.452967129107e-06
4.557316888775e-06
3.274113995523e-06
1.473245342939e-07
5.346832205806e-07
4.033349066765e-07
2.326148392553e-06
1.199832276418e-06
1.998114542532e-06
1.397807263757e-06
1.815165585579e-07
3.460690941152e-05
8.249848403081e-06
2.175636351375e-06
5.554465945561e-07
9.478743806036e-06
1.609276143883e-06
9.561785863657e-06
2.491062645353e-06
5.654877321067e-06
1.836398379361e-07
8.153186513063e-07
1.409830862817e-06
5.763868332169e-06
1.224753051414e-06
5.095986545373e-06
3.342430361216e-07
2.516198685460e-06
3.117360998555e-06
2.580965710519e-06
9.879374578677e-06
3.208532226826e-06
3.386429673078e-06
1.439747311081e-06
6.049811595499e-07
3.502896295277e-06
3.996418403542e-06
2.637050106594e-06
1.041445403016e-05
8.550139119884e-07
9.882045762991e-07
5.677451118802e-07
2.824904675130e-06
3.710014322692e-06
1.771229680010e-06
3.277395615939e-06
2.106345525388e-06
8.051372426268e-06
9.275358199567e-07
6.241090195512e-06
1.211663664541e-07
1.998169227293e-05
6.344133415923e-07
1.109236161558e-04
1.689683529693e-05
1.589186959053e-06
2.303642128121e-05
4.790115513839e-06
4.498508097600e-06
7.288907599843e-07
1.974955460589e-06
5.174861904536e-06
1.245464234861e-06
7.552631942644e-06
2.289399821989e-06
2.412595528314e-07
6.036946445409e-06
1.427910146738e-06
1.002518297237e-07
1.324499589649e-06
1.309589750123e-06
2.230892090905e-06
5.079849930452e-06
1.303454681735e-05
6.682447170758e-07
1.256488915743e-05
2.178480737642e-06
3.678916260387e-06
2.259300679908e-06
3.033173424411e-06
1.524494474695e-05
4.285900925024e-06
5.191001762886e-07
9.701736739892e-06
8.764095088273e-07
8.645921186520e-06
4.724566176611e-06
3.846756671263e-06
1.956444321231e-06
5.603623408054e-06
1.947153303763e-06
5.849878057574e-07
9.716457142721e-06
1.126326522850e-05
1.513376017678e-06
4.967044887355e-07
1.174851339753e-06
9.405676463088e-07
3.560865887501e-06
8.741675040998e-06
4.204390654868e-07
2.679426100091e-05
3.095978074354e-05
7.918990226779e-06
7.214253397010e-06
7.961166995463e-07
7.497561910311e-05
2.501890544537e-06
4.648114930691e-06
7.156073846689e-06
3.406130101770e-07
1.536414599891e-06
1.184209241061e-06
1.732517840518e-05
6.029752002886e-06
1.395346082247e-06
9.946829908454e-06
1.914088429002e-06
6.027768196169e-06
3.275730632554e-06
5.865439516809e-07
9.612710114492e-06
2.495101795330e-07
3.016030572552e-06
5.576003552574e-06
5.375206601389e-06
2.822303441081e-07
5.746879923620e-06
8.266927497980e-07
3.067294155672e-06
3.487448544478e-06
5.755952286565e-06
6.481125020736e-07
3.803822483119e-07
2.652103639923e-06
2.055915484895e-06
5.899769794432e-07
4.472599329757e-07
1.627016601880e-06
1.453781138263e-07
6.083858899157e-07
3.615829582342e-06
1.714196872714e-05
1.389800606013e-06
1.940982547082e-05
6.981081610786e-07
5.546314047366e-06
3.585359013004e-06
2.349483316998e-07
5.466137132065e-06
1.002208451344e-06
1.138722608043e-06
7.853901218762e-06
7.723570065166e-06
2.031675807389e-06
6.717488931709e-07
1.366913106562e-06
1.268794561935e-05
4.923443045134e-06
1.273104845213e-07
7.170049934171e-07
1.696799448200e-07
7.966574070991e-06
3.342458485192e-06
2.585600383932e-06
2.780958806847e-06
6.600520477880e-06
6.952545987408e-06
3.758281801117e-06
2.620293588780e-06
5.045492261656e-06
8.640696986398e-06
1.829447157689e-06
5.223909248429e-06
6.803807038216e-06
4.331790850151e-06
1.513361707188e-05
5.585303701796e-07
3.853447000730e-06
1.945575210472e-06
9.492540927481e-07
1.391741924334e-06
1.040686427596e-05
5.495840531034e-06
4.367349919715e-06
1.623155164024e-05
1.057389635291e-06
2.485975314858e-06
2.945729395105e-07
5.569904214105e-06
4.835361973575e-07
1.201341619388e-06
1.072615939535e-05
6.658436448463e-06
3.050191503235e-06
3.455777263520e-07
1.759638622801e-07
9.050823416229e-06
5.142244732793e-06
5.204723712968e-06
4.384626359520e-06
1.598108899118e-06
3.266425138896e-06
3.927535980764e-07
7.041718809151e-06
2.773324934577e-07
1.138482889673e-05
1.704909039442e-06
4.163956069725e-06
3.686409886768e-06
6.150504162955e-07
4.181107160061e-06
3.099966459427e-05
5.010478487888e-06
5.156560184497e-07
7.851444979884e-06
1.121835533209e-06
2.086245179632e-05
4.507803681709e-06
5.471379885158e-07
8.091493251191e-06
4.982585020996e-07
1.128258718251e-07
2.518102076155e-07
3.213262431550e-06
1.553528783513e-07
4.643067615625e-07
1.790121603555e-06
4.923817217219e-07
3.200059295237e-06
6.899096486523e-07
2.138063949777e-06
5.399962074136e-07
3.169363135365e-06
2.419197097114e-06
1.907053378141e-06
4.466040482354e-06
3.549386324316e-06
7.109260780658e-06
1.232228722443e-06
2.878562616250e-07
1.222419060053e-06
2.068745950947e-07
1.749939820885e-06
1.411020372342e-06
3.404263535275e-05
1.460058579976e-06
3.132890486873e-06
2.597846539169e-06
9.752292959578e-07
2.405361319295e-07
9.157421219716e-06
1.802686566253e-05
2.881955532999e-07
8.001011377714e-06
2.666272425521e-06
3.789019571377e-06
1.050627327136e-06
6.903555523697e-06
6.897264474634e-06
9.513560610234e-06
3.428140644416e-06
1.982067189097e-07
2.963712343054e-06
2.720541480467e-06
2.884347719163e-07
4.057581864899e-06
2.115661949388e-06
2.324174963169e-06
8.337538454307e-06
2.886245384432e-07
1.234191554164e-05
9.901545874233e-06
2.641341832851e-06
8.088597528105e-07
5.965240331499e-07
2.243484039840e-07
2.846492375123e-05
1.072321741237e-06
1.658497478236e-06
2.936305005801e-06
3.839669659206e-06
7.732482562365e-07
4.306230810329e-05
3.729168437999e-07
1.286728080183e-05
7.786550772244e-06
3.891382698186e-06
3.796440841681e-07
3.025732475297e-07
4.245521456313e-05
2.249014170223e-05
1.019975349363e-07
2.215234112986e-05
1.911884096444e-06
2.399296281467e-06
1.071768895875e-07
1.366739574083e-06
1.942383132978e-06
2.564222352720e-06
1.555998505426e-06
2.450153448778e-06
3.229040104372e-06
8.056165299476e-07
7.375473372613e-06
1.085019690015e-06
8.672679406496e-07
7.331087783524e-06
8.349937412882e-06
1.807862142822e-06
1.114271892322e-06
3.158471435402e-06
4.333113913792e-06
3.324739621808e-06
6.745588464157e-06
7.380209505257e-06
4.761338292134e-07
1.116838040773e-05
4.245907723932e-07
5.377502865530e-07
1.898475475351e-06
5.222435434294e-07
2.014113336363e-06
2.575801123276e-06
8.284455581701e-07
2.952103619952e-07
1.506490897091e-05
3.660028477584e-06
2.018968289048e-07
6.274283782505e-06
8.273409862854e-06
9.656925702121e-06
2.968408053516e-06
5.638506453166e-06
1.198066686665e-07
1.568997722771e-06
4.732233023436e-06
1.083006030508e-06
9.096214184795e-06
1.142051535561e-05
1.842784118502e-07
4.991398385220e-07
2.875861086449e-06
1.391191798294e-06
9.115945932301e-06
4.391774612768e-07
2.100799034479e-06
1.624684983170e-06
6.132079366256e-06
9.845551036981e-07
3.905352596427e-06
7.630931822254e-06
1.724644232891e-07
2.030882849523e-05
