4.269240838925e-06
6.513890301107e-06
1.076205556240e-05
2.847005181799e-06
3.085571873410e-06
8.914558510089e-07
6.733775784416e-07
2.258814308873e-06
4.520636453826e-07
2.251297948219e-05
1.460562319220e-06
1.458998460135e-05
3.242390984590e-05
3.707665569593e-05
1.703219607233e-06
5.229773343028e-07
3.197995882499e-06
9.553588173779e-07
1.104808336877e-06
1.943183645265e-06
5.213597561963e-07
8.813188998610e-07
2.009049162559e-06
1.912506707442e-06
5.228318759590e-06
2.134161950590e-06
5.133755631138e-06
5.544412062441e-06
3.028418964722e-07
1.607156134355e-07
4.033377862312e-06
2.790189395529e-07
4.409802433902e-07
2.083675433231e-06
2.899522071845e-06
4.541908047535e-06
2.152810955559e-05
4.977382415806e-06
9.172566041366e-07
2.827482712121e-06
1.377124309991e-07
2.815177387565e-07
2.112142215055e-06
1.811622645952e-06
1.961135551962e-06
4.029246093646e-06
6.201619713859e-06
9.161361775915e-07
1.034826966192e-06
3.997098176469e-07
1.009883879901e-06
4.904386783679e-07
1.844992343122e-06
1.475731361451e-05
3.934839272502e-06
1.597671826657e-06
3.894136533412e-06
1.664103606489e-07
2.619977940751e-07
1.273324654882e-06
3.226340419855e-07
2.258864290413e-05
2.492097996969e-06
4.764740035173e-07
2.329971123677e-07
9.131280947271e-07
7.609228888448e-06
1.806913288343e-07
2.867709674828e-06
4.540832140703e-07
8.572532944283e-07
2.645038303471e-06
4.024165533201e-06
9.373832498582e-07
1.088082928529e-07
5.237368605750e-07
9.852144248912e-07
6.981035198798e-07
5.194850557196e-07
4.011848315846e-06
1.633725499002e-06
1.627296098957e-06
1.026396031541e-07
7.801085486361e-06
2.452760931242e-06
3.223964347639e-06
3.950695066234e-06
6.611091871125e-06
1.562983502171e-06
6.119158362194e-07
1.254835753723e-06
5.467595569332e-06
6.058544637887e-07
7.276418114545e-07
2.465094302882e-06
1.432499990488e-07
1.212749552405e-06
8.011272291383e-07
9.443358386306e-06
5.392407163445e-06
2.954663423666e-07
4.632853616743e-07
7.469960813007e-07
2.763767210948e-07
1.271040546566e-06
1.319666076626e-06
4.407812106891e-07
2.800344183986e-06
3.582987927246e-07
1.457444522363e-06
1.062762770044e-07
6.132219614503e-07
1.974365127184e-06
6.423516994270e-07
6.183937435985e-07
1.454376823985e-06
2.315549008818e-07
2.646430282621e-07
3.246091402179e-05
4.353131562477e-06
4.771323993596e-07
2.509500355764e-06
2.226836473624e-07
1.073533202475e-06
1.311118467559e-06
1.961324696899e-06
4.211173608329e-07
4.364331245918e-07
6.446368578603e-06
2.619387947256e-06
1.382217440881e-07
6.169637943025e-07
1.776479598339e-06
5.917411587615e-07
4.144995831315e-06
4.227445626596e-07
5.512880918918e-07
1.256356554690e-06
1.205430434626e-07
5.657772257531e-07
5.032957804428e-07
9.385143133064e-07
1.222320954373e-07
1.254075703202e-06
9.287923841025e-07
5.893685945236e-07
8.337194726837e-07
5.504807881105e-06
2.576407389372e-07
3.819597400392e-06
7.417622716842e-07
6.712952578018e-07
1.179922435963e-07
1.208559601517e-06
2.683390703759e-06
6.343578775755e-07
1.142029339025e-06
1.721094277929e-06
1.816326499260e-07
3.353272654679e-06
2.696809526587e-06
1.965510362801e-06
1.168282869637e-06
3.613754458341e-06
3.851922890937e-06
2.051278865924e-06
2.449736637391e-06
5.958301870389e-07
5.666155305209e-07
7.446046045433e-07
3.519888247207e-07
1.331900283180e-07
4.542515005028e-07
4.485940329001e-06
2.450364475723e-07
2.230879625445e-06
5.057326361875e-06
5.311648381150e-07
1.676862060157e-07
1.222385503627e-06
4.300794633882e-07
1.241263018070e-05
1.232769751109e-06
5.725362001427e-06
7.048488262174e-07
2.248285133262e-06
9.082996282752e-07
1.515826582471e-06
1.006410982241e-07
1.296493338493e-07
1.255818287003e-06
1.487311658548e-06
1.770108681357e-06
3.914379409131e-06
3.583479438134e-06
3.130571942883e-07
2.833585722404e-07
7.475263567452e-07
4.145820085738e-06
1.071109380701e-06
2.215421777063e-07
3.096933200683e-06
1.996326548246e-06
4.234926429227e-07
2.308565238691e-07
1.028218940696e-06
4.856419741543e-07
3.995176242600e-06
2.022775155807e-06
1.177119603903e-07
1.484505811723e-06
1.220719061319e-05
9.232774273057e-07
1.217852741883e-06
1.856347323644e-07
2.218231101683e-06
3.905932345216e-07
3.417339313684e-07
5.474805147912e-07
7.378816041185e-07
2.442585997812e-06
9.389603466447e-07
3.779020471759e-07
2.348988435075e-07
5.392356983734e-07
2.763538689575e-07
6.829380244344e-07
2.117406715080e-06
1.453603535785e-07
9.347807806116e-07
4.033208521021e-06
2.284035484508e-07
4.118180219456e-07
1.488633649439e-06
2.936896953039e-06
2.258283351905e-06
3.553224561625e-07
1.878611282458e-06
1.362835832688e-06
4.002093627236e-06
1.090239471177e-06
6.915785595933e-07
2.855954234991e-06
1.290378201369e-06
1.841041652014e-06
7.397993822433e-06
2.834582987985e-07
3.757629916317e-07
1.364955502079e-05
2.732025210795e-07
1.398812806461e-06
2.297096837710e-06
3.428459278747e-06
4.229568096749e-06
1.318859048175e-06
3.414526251173e-07
6.576871246315e-06
2.917423221369e-06
1.029715183757e-05
2.845001540487e-07
4.484165553373e-06
4.510376602511e-07
5.456687760723e-07
1.357154910432e-05
1.359196367603e-07
2.083159676325e-06
7.057237857826e-07
2.259696881112e-06
1.992257881362e-07
1.033349177161e-06
1.349594329398e-06
9.319350570182e-07
5.524233246654e-07
5.299182800866e-06
2.369006551622e-07
9.426052455677e-07
1.395705480157e-07
2.417859922223e-05
5.580848629461e-07
6.027593934743e-07
3.475636028402e-07
1.328827038682e-06
8.974869448811e-07
2.091467602234e-06
8.747426412297e-07
1.543732093895e-06
7.522835526990e-06
2.335482762989e-07
4.093118967503e-06
1.617338714431e-06
2.647935413919e-07
1.635955204600e-06
2.773635110848e-06
1.733343468660e-07
3.793468698214e-07
9.771135066024e-07
8.572012698973e-07
2.223587831626e-07
3.921028636921e-07
1.149456587302e-06
6.091390495023e-07
6.062166945201e-07
3.183714804673e-06
1.093678344079e-06
2.778668283849e-07
1.808233328371e-06
7.137965146878e-07
2.584378913936e-06
1.322816083639e-06
1.024236638495e-06
1.907124881380e-06
3.447068351609e-06
3.636744039225e-06
1.463754298199e-06
1.217205120657e-05
5.172314159859e-06
4.485614822636e-06
1.697319319654e-06
3.700459653548e-07
4.733240082702e-07
1.511370060374e-06
5.111285517201e-06
5.334881719018e-07
1.547001101532e-05
9.675951894805e-07
4.268807014462e-06
6.416804202060e-07
3.058684419178e-06
3.864475486987e-06
2.025214119175e-06
1.781193296418e-07
2.882212722802e-06
3.306497528615e-06
4.324112849992e-07
6.584388585992e-07
1.403652041557e-06
5.389335520091e-06
1.188762124764e-06
5.330947177948e-06
8.956727969352e-06
3.541480243668e-07
3.433105888908e-07
3.522643748449e-06
8.006544685489e-06
1.047903911838e-06
6.461819166296e-07
2.327852894412e-06
1.335388533836e-06
2.035321200105e-06
7.730469960549e-07
7.188886778848e-07
3.047415362214e-07
6.811990284303e-07
1.800179821839e-06
1.039471069263e-05
2.110943043704e-06
5.112226939475e-07
1.259929128980e-06
2.862414287467e-06
1.079678694467e-06
5.552832408359e-07
