2.348272173348e-06
1.924430212656e-06
5.567188250562e-07
2.001910482204e-05
2.066627231266e-05
3.006643881419e-07
1.077750466940e-07
9.484649102729e-06
6.678770122649e-07
1.252740333809e-06
3.144471338184e-06
6.315400742134e-06
5.331148661987e-06
3.391517045456e-05
2.559611910896e-06
4.665539346324e-07
6.070673000500e-07
6.038739603415e-06
7.543540072839e-05
5.511628530965e-05
5.785163619099e-06
5.355536875584e-05
2.319873366132e-06
4.215598636279e-06
4.371903748998e-07
3.788236367810e-07
2.560085506648e-06
8.062201466256e-07
1.623171448530e-05
7.945009809587e-06
9.329300139018e-07
1.385090612867e-06
5.038013993255e-06
1.406888711215e-05
1.302351809868e-05
4.739526456037e-07
1.006004691194e-05
4.974386676773e-06
1.512994319033e-05
2.680828809801e-05
3.589661526884e-06
9.426412637288e-06
1.420499379597e-05
1.108269693610e-06
5.860700753980e-06
3.478851484265e-06
5.360627746719e-06
1.388760715356e-07
4.801215956512e-06
1.569282978191e-06
4.594342599184e-06
1.461861066205e-06
7.142348234214e-06
1.904808638346e-07
1.010590187295e-06
3.988533388859e-06
5.262335283413e-06
7.710095568549e-06
3.492814900434e-07
2.381814504915e-06
5.838100324349e-07
3.760902865239e-06
8.887753103804e-07
6.387467841217e-06
3.449772887081e-07
1.418884780485e-06
3.555730636765e-06
8.019979030057e-06
3.072922195352e-05
1.042567523533e-05
5.028103530924e-06
3.759862203399e-06
3.315014519244e-06
1.751174236568e-05
7.160312363550e-06
4.525129389884e-07
3.205299881521e-06
3.739602025586e-06
5.860845833103e-06
2.233941816406e-07
4.233529232894e-06
8.736169539935e-06
1.206408600071e-05
2.752303545097e-07
2.845987854411e-06
5.042006520504e-07
6.004310361347e-06
7.603120929455e-06
3.509252656382e-06
1.244263768878e-05
6.466860683403e-06
3.575657295878e-06
1.026483661796e-06
2.119950560548e-06
3.712586956111e-06
1.191483927620e-05
1.287333504084e-06
6.119170302237e-06
1.081026035240e-06
2.820175524324e-05
1.298310931297e-05
6.855260418524e-06
6.251692892696e-07
3.851677395896e-07
1.830512775495e-06
8.274665533313e-07
3.611850024367e-07
2.583490488383e-06
7.690025460010e-07
7.664340603537e-06
3.051287364011e-06
1.925138203637e-05
1.586311249354e-05
3.236839588287e-06
9.344678626997e-06
1.003894769879e-04
1.392095625747e-06
9.352577811839e-07
3.042548792159e-06
1.185159281063e-04
7.604764047848e-06
1.816611264059e-06
2.383117165745e-05
6.716236300680e-06
7.251060210874e-06
9.658663653864e-06
2.331206485122e-06
1.870584009400e-06
2.746018894841e-06
1.725895230136e-06
1.926187015503e-06
1.408388434562e-06
1.182061679705e-05
1.048492698211e-06
5.622398276982e-06
9.484718883086e-07
2.936655407983e-05
3.774014552118e-06
6.168454258610e-06
1.748681419304e-06
2.229778820186e-05
1.349236408690e-05
7.224810960629e-07
1.388778943415e-05
2.307876747220e-06
2.711482756514e-06
5.061318268964e-06
4.299783983836e-06
6.168262530519e-06
3.551935438423e-07
1.812924773151e-06
9.955010125621e-06
1.209799526963e-06
3.952383061676e-06
1.398259157243e-06
7.170409092432e-07
1.353275238421e-07
2.674304073422e-05
7.000206333322e-07
5.573994257829e-06
9.348984867625e-06
2.510775963984e-07
4.141196313917e-06
4.979315425618e-07
3.222185612976e-05
2.904887993036e-04
3.703199033709e-07
3.575993851547e-06
1.578940249162e-06
3.276893788675e-07
4.868050748893e-07
1.248368844109e-05
1.197716669090e-05
2.508030886939e-05
6.818254897562e-07
6.823899460213e-07
4.315380327350e-06
3.231478870346e-06
8.917875171916e-06
3.903454268472e-06
2.571132223784e-06
3.493902973609e-05
2.659051329670e-06
2.361113031809e-07
5.357785064040e-06
3.259812492116e-06
2.157433501556e-06
5.946859574871e-07
7.459880717491e-07
2.122059396319e-06
1.037734826735e-06
1.884650245266e-06
4.885141799844e-07
6.252336379638e-06
1.301368848696e-06
9.127690646057e-06
1.144045639704e-06
3.225951348530e-06
5.979166184272e-06
1.228906065058e-05
5.188231828543e-07
1.417064642637e-06
9.424704551370e-06
1.182676813477e-05
8.967877967188e-07
2.683038854116e-06
1.349894752316e-06
2.374613137450e-06
1.905422463129e-06
1.045644809265e-05
1.400217510761e-05
1.587851103951e-06
1.378810121904e-06
1.164230046892e-06
1.816427952814e-05
2.093675012473e-06
9.827478101204e-07
1.963017920075e-06
6.908001080719e-06
1.643901183514e-06
1.396223956676e-05
2.507803781421e-07
6.942081909952e-06
1.818354492940e-06
1.795039759141e-05
1.014842541273e-05
2.915048439573e-06
2.712247267232e-06
2.713828380834e-06
8.166529684055e-06
1.601439657584e-06
1.667285254417e-07
9.194076089240e-06
6.477172051148e-07
3.246633001841e-06
4.092459668990e-06
1.438977465509e-05
6.208870691070e-07
4.700144767251e-07
2.509704291415e-06
1.431721062607e-05
9.842528916926e-07
4.551724308902e-06
3.640652740967e-06
3.509205387301e-06
8.779002161558e-06
4.726022904197e-06
7.976467592893e-07
3.206952731888e-06
4.414415698856e-06
7.825779261324e-06
2.873578649139e-05
3.687912483407e-05
1.453310215984e-05
1.661991088169e-07
1.220352444634e-06
1.954996504324e-06
2.986223321469e-06
4.225967539589e-07
2.408040118052e-07
1.683032337375e-06
3.863711644995e-06
1.102550494475e-06
5.044252310574e-06
1.058600106331e-07
1.824174493339e-05
1.565999682029e-07
5.262639631141e-06
2.229741390190e-05
6.233214486323e-06
4.761861504907e-06
5.320644103910e-07
2.254044726063e-06
1.164286761117e-06
6.230670905835e-06
3.689088020862e-06
5.633504535470e-06
4.970349406158e-06
2.045348442068e-07
3.593305191453e-06
2.811881726927e-06
1.016375279216e-06
2.672468452296e-06
4.088220795731e-06
5.429104227994e-06
5.322609477352e-06
2.606332209609e-06
2.656055424405e-05
3.300583015291e-06
1.726664806659e-05
5.439023787013e-07
1.710623503037e-06
9.069239064507e-06
2.757960313258e-06
2.170073216666e-06
3.387640606869e-05
1.175156419220e-05
2.639858660346e-07
3.014346829218e-07
1.878390166787e-06
3.441091328056e-06
6.324329042292e-06
3.898873708414e-06
3.195044013665e-07
2.275484927149e-05
3.086061511673e-06
1.864526596662e-06
7.359757648193e-06
9.368752846571e-06
1.300783630588e-07
2.751493066742e-06
1.527375304027e-07
3.197903433959e-06
3.119780606648e-07
1.420274794881e-05
7.587259473935e-07
8.210571820159e-07
2.296844490357e-06
1.145885484869e-06
3.019210831977e-06
3.144682289372e-06
7.140744150817e-06
2.602636403147e-06
3.029580194144e-06
2.109032423875e-06
3.119111775219e-07
1.057355537658e-05
1.096082937438e-05
4.756129696706e-06
8.896617372785e-06
4.461148742240e-05
2.536987122104e-07
1.538069365593e-06
5.879554097838e-06
6.348580384147e-06
8.953530953668e-07
2.607548964503e-06
1.744041133736e-06
5.998401970432e-07
2.654601571813e-06
3.647203854354e-05
7.190003449668e-07
2.983337947136e-06
1.031320871223e-05
4.923520987791e-06
3.878588119654e-06
1.230008881597e-05
1.405175117822e-07
2.402221042188e-06
3.635342116701e-07
1.857013225574e-06
1.908794702901e-06
5.449728458476e-06
1.211347067475e-06
2.643474382206e-06
9.111155444142e-07
1.443188688493e-06
3.683945654255e-05
2.611847179958e-05
3.789499153711e-07
2.141664973073e-06
3.129139055813e-05
1.690251107516e-06
1.555881336112e-06
4.896625903861e-06
1.164576155123e-05
3.281302126956e-06
1.068456966843e-06
3.570271984734e-05
9.396203937332e-06
1.270345461777e-06
7.745780992366e-07
1.460749051247e-05
3.549773571127e-07
1.954780188361e-06
2.387344677662e-06
2.666658989984e-06
1.589832955043e-05
9.118123581370e-07
1.209806177154e-06
1.459979111171e-07
4.149985474031e-06
2.849687046273e-06
2.666749254882e-07
7.487791029697e-06
5.451309150183e-06
6.371731963665e-07
8.253692982713e-07
3.714642941521e-06
1.591192171701e-06
1.196861175711e-06
8.976643215076e-07
9.665495835023e-07
2.035180317871e-06
3.635537251511e-06
2.171767968676e-07
7.262572916001e-07
7.233548369109e-05
1.497846233124e-05
2.840206234987e-06
2.724442552909e-06
1.514613240256e-06
1.386873060513e-05
7.739751731334e-06
1.327732170731e-05
1.867289049575e-05
2.630641571925e-05
2.330680534586e-06
1.766209837485e-06
4.462528416203e-07
4.332501593278e-07
6.271009804299e-06
1.102541669213e-06
1.767590148592e-06
9.064831981260e-07
2.042496098108e-05
2.313699521556e-05
2.558774617417e-06
5.252971675052e-07
2.517173417989e-07
2.680491178414e-06
7.842821032720e-06
1.174912734305e-05
2.686564657972e-05
7.225807224379e-07
3.213512323408e-06
2.812170051614e-06
1.420390209847e-05
1.187685063041e-05
2.033813198635e-06
1.782152386295e-07
2.310740021795e-06
1.902385989240e-06
5.860954205770e-07
1.428648950501e-05
3.095760742617e-06
3.351037258205e-06
1.314339010963e-05
1.828654696693e-05
2.316450781899e-06
2.389307234653e-06
1.135189809276e-07
1.230142284071e-06
9.604841257744e-06
2.422036494984e-07
4.526506162379e-06
2.688637561536e-06
2.185185222286e-07
2.166869534906e-05
4.875762157545e-06
2.888511145627e-06
7.402357254179e-06
1.669517767155e-06
9.966547061927e-06
1.042470571880e-06
6.431879285411e-06
9.305591914387e-06
3.846238580668e-06
8.666842561647e-07
6.454132137091e-07
9.237689591373e-06
3.575687971876e-05
3.567001572401e-06
4.583520177161e-07
2.399189866485e-06
2.115017064205e-06
1.172143518222e-06
7.443197437847e-06
9.738882385007e-06
3.005066430976e-06
3.813199760199e-06
3.431305010159e-07
5.650162240254e-06
7.367723412198e-07
4.615570670542e-06
1.416815035272e-07
9.933334581790e-06
5.632708181618e-06
3.014799684593e-07
1.624425299298e-06
1.887018204495e-06
1.890711022193e-06
6.262959445069e-06
1.024040870921e-06
2.270828093357e-06
2.506726803627e-07
1.110183112466e-06
5.229490456207e-06
1.225255354473e-06
4.234161977755e-07
4.919552623494e-06
1.062091292903e-06
1.973948874611e-05
1.563262226795e-06
2.132644025780e-06
1.654215507504e-05
4.585786901552e-06
4.346070226074e-06
1.219432978459e-05
3.911836616111e-07
2.026966951899e-05
1.073308597115e-05
1.383796600398e-06
1.516422721673e-05
2.092673553404e-05
1.070711645056e-06
7.533838480524e-06
1.041333556370e-05
1.423068940238e-06
6.953120997522e-07
3.001940186653e-06
1.841296337381e-06
1.449650761722e-06
