1.733448189198e-06
1.937897675383e-06
1.869199123000e-05
7.530045252083e-06
6.065614926865e-07
2.339053772339e-05
2.928239104477e-05
1.373699529053e-06
1.237968781806e-07
1.888028923404e-05
2.043871439588e-06
1.407680936245e-05
2.338771286122e-05
1.829843778748e-06
9.351985919622e-07
6.543853750058e-07
4.530913062257e-05
1.753512293355e-06
1.879637543364e-05
3.749740188567e-06
1.208597614600e-06
1.326300619383e-06
2.595131746113e-06
1.734721470023e-05
1.524434216664e-05
5.511507867946e-07
1.098727620624e-05
2.239676758768e-06
2.396675656698e-06
7.087086684523e-06
8.117157810344e-06
8.025207318762e-06
2.808467014958e-06
5.901725579224e-06
7.668952052946e-06
5.152379502845e-06
5.151411961209e-07
1.418117713910e-05
9.351953278704e-06
1.673121972692e-06
3.158376556769e-06
5.570083572575e-05
3.199118142290e-06
3.049589781568e-07
3.413323255312e-06
1.753603353904e-05
1.988102689760e-05
1.015904239208e-05
6.472781238069e-07
2.206204178881e-06
8.148632665849e-05
2.549901786556e-06
8.292914269628e-07
9.194087315476e-07
4.363810473771e-06
8.067274856663e-07
4.212599038555e-06
1.220480852772e-05
2.695082557489e-06
1.385860231323e-06
2.186768870271e-06
1.144570520842e-05
4.334327616751e-06
4.198136246631e-06
6.992405548628e-05
1.743022949937e-05
1.411169549442e-07
4.143985400195e-07
5.615356029923e-07
8.151322017020e-06
1.226247345202e-05
1.765378173221e-06
3.494924131437e-07
2.898617066111e-06
1.281575887762e-06
3.242599454584e-05
2.409010991033e-05
2.352850352790e-05
6.635313115561e-06
3.854822289305e-07
6.063635699559e-06
9.942470650894e-07
4.465622818649e-06
2.132473152785e-06
1.969748867098e-05
4.317907779975e-07
3.036599534036e-06
3.649479178819e-05
3.014987765964e-06
5.848298921726e-05
5.126255058096e-07
3.864341985989e-04
1.483872834896e-06
2.161012486209e-06
7.803540197014e-07
3.257644036532e-05
2.688700652598e-05
7.956323084646e-06
1.756842488055e-07
4.272885378643e-06
1.649963801269e-05
5.846992478262e-06
1.423601970607e-05
2.804599264074e-06
1.346116811399e-06
2.199394213273e-06
3.389265647409e-06
1.454851946396e-06
5.763712328248e-05
6.466537123319e-06
3.027252664170e-06
5.249242892561e-05
3.656580738905e-06
3.826032127535e-06
7.193427836772e-07
5.208646855528e-06
1.274366920425e-05
6.448487877668e-05
6.399426943602e-06
6.394892091762e-07
9.056276031585e-06
9.426496753120e-06
1.453763263178e-06
8.984864254172e-07
3.215612271876e-06
7.751886142744e-07
5.025114261339e-06
1.698201090987e-05
4.162624364643e-07
1.019109604814e-05
4.856418203931e-06
1.270355110758e-06
9.402563592074e-07
2.828206531299e-06
3.372805151862e-07
6.473042012585e-06
3.965448217606e-06
2.449823147611e-05
4.126465213355e-06
2.756291204492e-06
5.940545860829e-06
1.093591665947e-06
1.245561118989e-07
5.548738139503e-06
1.040128203621e-06
5.748626002651e-06
2.260727223953e-06
3.808500881251e-05
9.991065339711e-06
1.569294461138e-06
9.528193067192e-06
1.688002073336e-04
1.916471314200e-05
6.137917956482e-06
4.993877185250e-07
8.621644591042e-06
7.343453042959e-06
2.049890356004e-05
5.551938629436e-06
8.379641145015e-06
2.930544669815e-06
3.565611294288e-06
4.473593363279e-06
2.042203644736e-05
3.165382606783e-07
3.186970046472e-07
8.335661409551e-06
1.368931813051e-04
5.567259220664e-05
4.668043513656e-07
8.568840549997e-07
2.297538592915e-06
4.014409452743e-06
2.325005777243e-05
1.559361840011e-06
7.710853237932e-07
1.415287211728e-05
1.873617905131e-06
2.340124102252e-05
6.807003255490e-06
7.151939197499e-05
1.024225688688e-05
7.918669361729e-06
8.697806632706e-06
6.701561714850e-07
1.779486709869e-06
8.754151755320e-06
3.845679558276e-06
5.456109783529e-06
2.946069264229e-05
2.370260832532e-05
4.210061251200e-06
5.810758944484e-05
8.864031933409e-06
1.562365803529e-06
2.276381184730e-06
6.782448693409e-06
5.563275351414e-06
8.778910392551e-07
1.278341771906e-04
2.110913620059e-06
8.804262787966e-07
8.686497005471e-07
8.865809905129e-06
9.110201735343e-06
1.761201050420e-06
4.880212615157e-06
1.449215397755e-05
6.793790904894e-07
5.385049183275e-06
2.921426387879e-05
1.449691417754e-07
3.171708258563e-06
7.027251169588e-07
2.749566527119e-05
1.191615323306e-05
1.188957789319e-06
3.796103836509e-07
3.408924463545e-07
4.149826121537e-06
4.233539131158e-06
6.240915890990e-06
5.642746168513e-05
1.441634437804e-07
1.924003005419e-07
4.067634095298e-06
3.846893650161e-06
1.352860347582e-06
3.536840225434e-06
9.333148880621e-05
1.252765908513e-05
5.785501584949e-06
1.625278126334e-06
2.624335848589e-07
8.218924977006e-06
4.626257665817e-05
3.520969136046e-06
1.242617794124e-05
2.355212958790e-06
1.579167934358e-05
1.695270751700e-05
6.480462977487e-05
4.757658033742e-06
2.071238304139e-06
1.393557131381e-05
3.674585370917e-05
4.512250064879e-06
3.098412402276e-06
2.548665174253e-05
6.285809019546e-06
2.009085598991e-06
1.581246065598e-05
3.070770134215e-06
8.856315058372e-06
1.576876454300e-05
5.651799961310e-06
1.799579196715e-06
1.888195578232e-06
3.726285514458e-06
4.158353051751e-06
1.216865628208e-06
6.410274504782e-07
1.720969825713e-06
2.517797863653e-06
1.829285197872e-06
5.421821623703e-06
2.836604992907e-06
2.294884935511e-06
6.543734752844e-06
3.016178595294e-05
7.147367124901e-07
3.956814891161e-07
1.119453234273e-05
1.750761470248e-05
2.167144532373e-05
3.351844595230e-06
1.137414287015e-05
1.739318847648e-05
5.426038169913e-06
3.253713112545e-07
1.526785469526e-07
9.134199877699e-07
3.660181880530e-06
1.617866794721e-05
1.770333355413e-07
3.144964834827e-06
1.393877560730e-06
2.966029273781e-06
1.148215791716e-06
4.097982122549e-06
5.190120454040e-06
5.942111863498e-07
1.785600710539e-06
1.912719657989e-05
8.337626595729e-06
7.133706145356e-06
5.890933732704e-06
6.333086849912e-07
7.472893816841e-06
3.273289821365e-06
1.509178344114e-06
5.942352659455e-06
6.793352879444e-06
8.287104768081e-06
2.439310099669e-07
3.699794978987e-07
2.414100766043e-06
8.785216821547e-06
5.762764502856e-06
9.197656215482e-07
5.079679289251e-07
1.675413335844e-05
6.969359329234e-06
2.559932636564e-07
2.245871349300e-06
2.543528664319e-05
1.963564701091e-06
3.703176165222e-05
1.284492599476e-05
2.470597108473e-06
1.405437378565e-05
4.474076567448e-06
1.043858447119e-05
5.675017276518e-06
2.014302678893e-06
8.395484662364e-06
3.077790600362e-06
6.999710562829e-07
1.524354406663e-05
4.287904209210e-06
3.125685491551e-05
9.010207989779e-07
4.326570681185e-06
6.525085284642e-07
1.779617669950e-05
3.311935729909e-06
3.294408284244e-06
4.629936205681e-06
3.912914225674e-06
5.856732716478e-06
7.116500786120e-06
1.274106108521e-05
2.465478397834e-06
9.377276758871e-07
2.106706123450e-05
2.340408111238e-06
1.139319100964e-06
4.139500707005e-06
3.191033394851e-05
3.214193459169e-07
1.399910706336e-05
4.108042467453e-05
2.018251217793e-06
2.195990048780e-06
3.647419831431e-06
1.309019902256e-06
5.020931721618e-06
6.512001202265e-06
2.746642175172e-06
3.966519737981e-06
1.694931478854e-07
8.297575823768e-06
1.314641635839e-05
1.932673766429e-06
1.214876881478e-07
1.709825019710e-06
1.714735334846e-05
3.663724418855e-05
1.816887322365e-06
1.895433126513e-05
5.128030161713e-07
9.493102008757e-06
1.378809259288e-05
9.250166349106e-06
3.885586378890e-06
2.830446310921e-06
2.338252849450e-06
4.863849035234e-06
6.658315710184e-07
3.138743095404e-06
3.680812220593e-06
4.771047554711e-06
6.712601896411e-06
1.112527636876e-06
7.029021188376e-06
2.569760935930e-05
6.484837574463e-05
6.060260722552e-06
4.918506298520e-07
3.575580393748e-06
4.385232164971e-07
1.676388574263e-05
2.888525657786e-07
6.794653200676e-06
5.451811742453e-07
4.380138918297e-06
1.518774293642e-06
1.144501055146e-05
3.404231567597e-06
4.772680028513e-06
8.143761888940e-06
1.710448645641e-05
4.168689066367e-06
4.551233475506e-06
1.042640923962e-06
1.152285302592e-06
1.823188269937e-05
1.008785140629e-06
3.007113028055e-05
6.069725389046e-06
3.615090612728e-06
1.042297406686e-05
2.346868513873e-05
2.354296330987e-06
6.790779782386e-05
2.838366221846e-06
1.161184910831e-05
1.204377618635e-05
8.307033028325e-06
1.199557970600e-05
7.684062018292e-07
5.338293050025e-07
2.341249887656e-05
7.840514503916e-05
1.482217760924e-06
2.444372423030e-06
9.188152833468e-06
8.003027745277e-07
3.769597253358e-07
8.545506078951e-07
4.334061411421e-05
1.100670389530e-06
1.310602349361e-06
4.648139391309e-07
1.992847863360e-06
3.354382153636e-07
3.315360724621e-06
7.894774210656e-05
1.891565935980e-07
6.788463115494e-06
7.576319272029e-06
1.503922377044e-06
1.437124976251e-06
7.968340388281e-07
2.223891192950e-07
3.715885765875e-06
1.375667747280e-06
3.841344723803e-07
7.381204990060e-06
2.163004520877e-06
1.226402456463e-04
4.395693091302e-06
1.400872161312e-06
1.569193425659e-06
3.984666126928e-05
1.517189112238e-05
1.002356335728e-05
2.434017216208e-06
3.540618793686e-06
1.009192248803e-06
1.307907507479e-05
1.006954114370e-05
7.604245579850e-07
2.218528924953e-05
8.528564667953e-07
5.008827704466e-06
2.026845744225e-05
9.616598566240e-06
1.706018358802e-05
7.791620413221e-07
2.195672904058e-05
1.585028075947e-05
6.774606049075e-06
7.140792861036e-06
2.968374603642e-05
5.106095978784e-05
1.841909448273e-05
1.078054329907e-05
1.206277509087e-06
9.163736913269e-06
