1.500594819407e-05
1.229289042851e-05
9.133432122622e-06
2.877273180619e-06
3.164338006479e-06
2.129381293012e-06
6.087528704573e-05
1.064809043166e-06
5.263841773789e-06
2.321113863695e-06
6.313338957394e-06
1.936090183296e-06
4.128702332854e-07
3.316213496847e-07
6.576157970653e-07
6.029795683695e-07
4.383143902319e-06
1.153855277353e-06
6.883555770703e-07
7.255955015318e-06
1.434645719965e-05
1.116067477986e-05
2.666501413316e-06
6.532104472477e-06
4.039768526222e-06
2.287959952569e-06
2.257870424187e-06
1.693734176770e-06
2.466849617233e-06
2.761183303903e-07
3.041476899003e-06
6.728053338780e-06
8.622088265797e-07
2.110952107582e-05
6.023256020914e-07
1.176068529024e-07
3.928174080065e-06
2.265839982946e-06
4.742191446742e-06
2.709627468911e-06
1.231059716711e-06
3.422661063131e-07
2.004746331267e-05
1.106683559251e-06
2.932168587281e-06
1.959686885147e-06
3.793788481770e-06
8.274821284020e-06
7.172811546491e-07
3.343727531355e-06
1.609458120507e-06
2.102557264765e-06
2.191463512716e-06
2.118700393080e-05
2.260048759755e-07
5.433918695154e-06
4.745783329187e-07
1.818239932122e-06
9.260141754489e-07
6.086242746508e-06
6.162218686434e-06
5.892376992384e-06
1.646658838693e-06
6.987381997306e-07
1.900100824102e-07
7.171851932035e-06
2.629751538246e-06
6.830606636396e-06
1.270642145452e-06
2.218463674528e-06
6.615671714062e-07
9.230915554389e-07
6.742870494535e-06
3.210532017206e-07
3.271006417941e-06
4.719114544870e-06
2.367307849780e-06
3.166186026071e-07
9.261906265472e-07
1.413330793185e-06
8.555092617415e-07
2.944845774403e-06
4.537755281947e-07
9.126062118481e-06
1.716387404822e-06
1.056858374618e-06
5.900369016576e-07
1.775986500290e-07
4.333655037474e-07
1.582742845891e-06
1.905453389095e-06
1.780283240353e-06
7.326098531783e-06
4.567096873712e-06
6.857078990799e-06
2.025647060935e-05
1.023326314083e-06
1.009501083736e-06
9.315180262540e-07
2.708727043502e-05
6.727311268152e-06
6.799840522469e-07
3.476152198599e-06
2.445364556500e-07
7.445692508535e-07
4.143031769333e-06
4.066533894159e-07
1.314792287589e-06
4.108899061484e-06
5.998200093099e-06
1.827909441425e-06
5.605063697065e-07
2.925504897463e-06
1.325937335500e-07
6.055612470917e-06
3.763052719241e-06
2.167518920957e-06
2.771751100416e-06
1.381947993060e-06
2.601489199832e-06
9.309229298617e-06
2.358593621420e-06
8.907001445929e-07
2.468277873372e-07
2.365138204753e-06
1.940687419677e-06
4.135775123123e-06
1.315403941544e-06
3.692607761173e-07
5.170165549060e-07
1.154127865251e-06
1.377138022395e-04
5.057265580154e-06
1.574925717149e-05
2.589328148604e-07
2.741576347970e-06
8.250905114389e-06
2.306238344515e-06
3.100366282079e-06
2.221268899012e-06
1.113768353913e-05
4.497683611366e-06
2.067407493556e-06
1.511730676115e-05
7.223549275121e-07
7.024352267582e-07
3.636761360593e-06
1.369323578407e-06
1.224224338613e-07
2.531876928305e-06
2.608205640117e-06
4.781313080382e-06
2.136136650672e-07
4.053335587658e-07
1.984991550195e-07
8.155856757808e-06
6.601080742132e-06
2.096943089042e-06
5.828260737326e-06
3.591694721352e-06
7.372009358401e-07
2.461271426205e-05
1.353020346040e-06
1.811625170549e-07
1.105505503215e-06
5.170937736941e-06
4.323457722690e-06
9.107903779988e-06
2.361991312227e-06
4.221261085610e-06
1.603323194350e-06
6.937319529069e-07
9.678472395115e-07
2.582653071211e-06
5.535130920775e-06
1.116557311553e-05
8.695783677359e-07
7.908386817987e-05
1.432252303077e-06
1.662651998345e-06
3.182613191335e-07
5.106295415670e-06
2.948770096559e-06
3.668690223965e-07
2.370122733200e-06
1.672454838568e-07
1.286059752245e-07
4.875350820849e-06
3.292124648862e-07
5.260409138922e-07
5.295748968525e-06
3.693632681524e-06
2.072497719893e-07
4.000098823299e-06
8.247299051370e-05
1.811076487185e-05
2.716800133017e-06
1.930257228616e-07
1.811948575180e-06
1.369580563859e-06
1.224301851100e-06
7.286240980571e-07
4.202582858112e-06
1.020655852665e-06
7.590995904768e-07
8.820164254018e-06
1.441590866276e-06
7.285106655403e-07
1.511168802952e-06
5.383038988762e-06
4.264841198403e-07
1.276947537858e-06
2.809246256846e-06
2.366124839974e-06
8.174144898091e-07
3.012134521316e-07
2.145564518985e-06
5.251198835475e-05
1.738838707384e-06
1.708308479542e-06
2.039509090390e-06
5.765501810793e-07
3.847906866145e-07
1.012722874925e-05
3.887261856754e-07
1.023429518702e-06
3.890055939083e-07
6.036153928891e-07
1.375253082190e-05
2.723034642345e-07
4.090969894571e-06
2.126874077562e-06
1.128365594744e-05
1.067471764549e-04
2.728332961914e-05
3.903315951788e-06
5.007035826783e-06
4.933325532732e-06
1.487525265655e-06
1.276566062636e-05
3.557115826808e-06
6.973630040901e-07
1.051895354397e-05
3.712308888232e-07
7.189473045421e-06
2.247956044159e-06
1.037173501769e-05
1.580248777924e-06
7.470192805656e-06
3.854832887284e-06
6.493315408321e-06
3.922600439852e-06
7.391267333063e-06
6.889049280019e-07
1.666995642609e-06
3.605919306284e-06
6.380212896143e-07
1.056392691917e-06
1.841708193975e-06
1.911243795818e-06
4.605979846869e-06
4.833112696644e-05
1.540356941367e-06
2.541802679053e-06
1.271083117336e-06
3.093141660592e-06
1.571054796140e-06
2.841798889163e-05
1.182299923162e-06
4.560714333127e-06
1.569514119708e-07
2.935027294483e-07
3.274716240020e-06
1.014971256045e-06
1.555867046706e-07
1.343400195240e-06
3.107488057146e-07
1.225899722181e-06
2.603094838886e-06
4.467875245037e-06
2.339970842079e-05
1.537012269592e-06
2.208012508999e-05
8.874989321787e-07
2.363364104350e-05
6.783290925351e-06
3.594240927318e-06
4.522540851074e-06
1.977904302809e-06
1.597653234582e-07
4.341067095672e-06
9.525494943114e-07
4.314284294476e-07
1.088237496400e-05
1.179529150686e-06
1.284788265095e-06
6.264550415925e-06
1.062191524669e-06
2.432903084681e-06
2.098289244052e-06
4.400235229332e-06
3.542547861137e-06
2.648487536185e-07
5.159186188231e-07
9.350179166969e-07
1.397437163769e-06
5.979488303072e-07
5.052752679588e-06
1.539557084812e-05
1.779363248133e-06
3.919930071497e-07
3.956834975394e-07
9.241922212764e-07
1.264544368514e-05
6.336164706858e-07
8.346777505323e-06
2.315209516775e-05
2.434707811033e-06
6.087666415192e-07
1.175129898019e-07
2.824649810330e-06
1.425991513846e-06
2.248166339812e-06
2.777045756407e-06
2.729528253513e-06
1.075720758570e-05
3.269305137364e-05
5.230155658582e-07
7.564289342165e-05
1.462755177855e-06
2.034967310720e-06
9.901756000896e-07
7.162838534515e-06
5.044054147195e-06
1.819522556673e-06
3.202647626692e-06
1.707005966113e-07
5.958023157912e-06
2.224231788945e-06
5.738931165881e-07
2.131856371375e-05
9.929509497584e-06
9.741330969542e-06
7.574259974573e-07
1.332555855984e-06
1.111658575826e-06
2.423512217690e-06
5.486329211941e-07
6.367458190030e-05
2.647784246734e-07
6.003932437935e-07
1.025322409795e-05
4.135189256624e-07
1.110051917779e-05
3.950194118220e-06
2.107797539395e-05
1.441709289861e-07
1.511980251907e-06
4.225699293094e-06
4.088528317884e-06
3.191657914008e-07
1.180363990458e-05
1.731481253474e-07
6.291365195758e-07
1.334076260192e-05
1.078445149217e-05
4.909935550189e-06
4.703441358396e-05
1.113762525321e-05
2.841560752676e-06
1.240628587591e-06
9.809681245236e-07
2.793077753479e-07
4.300936429244e-06
1.891116072696e-06
9.086344169478e-06
