2.017514627388e-05
4.652757662777e-06
2.825489712220e-05
5.795487404741e-07
2.891046998186e-06
7.271522499373e-05
5.066815696760e-06
5.516152866432e-07
2.597402196358e-06
9.274812518071e-07
1.436541593127e-06
2.752643468983e-05
2.608911389263e-05
2.109010490677e-05
6.481799653708e-06
5.413106281963e-06
2.110871666946e-05
1.178033728350e-05
2.188094549479e-05
2.391593849571e-06
1.140075757158e-06
2.008445524564e-07
5.208278007499e-07
4.818035905811e-06
1.452600366674e-05
5.624972641320e-06
2.717628166349e-06
1.914139129240e-05
1.101788817831e-05
5.665496038504e-05
4.558101990938e-07
1.548508482810e-05
3.114548430771e-05
3.597958872239e-06
4.194314848904e-06
1.019566806086e-07
5.423216637751e-06
9.147999329450e-07
3.027939426766e-07
3.336179361954e-06
3.197716214074e-06
2.008950987047e-06
1.066575688557e-05
1.103087131927e-06
3.070886549604e-06
5.637920835140e-06
2.228623811646e-06
9.239416671979e-06
1.831396970551e-06
2.255314955465e-05
7.668331209565e-06
2.160637410725e-05
1.090853434113e-05
1.682776186778e-06
1.277878979164e-05
1.257296269598e-06
2.629992397334e-05
7.088054937810e-06
9.754769526249e-07
5.556118548264e-06
3.956300623423e-06
1.129464840489e-05
5.010502676111e-07
1.552189658505e-05
4.681433193914e-07
1.084872909823e-05
1.616759995805e-05
2.125817078626e-06
1.927174708608e-06
2.374931716784e-05
5.362676953521e-05
4.957414384140e-06
5.639823003577e-05
1.836807783471e-05
1.177823944919e-05
3.992846394730e-06
1.083406240074e-05
1.054776073502e-06
1.194919516567e-06
1.185148318405e-06
7.081137198432e-06
2.115197576296e-06
9.776635623644e-06
5.401600606595e-06
3.894154952438e-06
1.483383553922e-05
1.649000150618e-05
2.486312508354e-06
1.847901688804e-07
2.874731604043e-06
2.131935833070e-06
1.813506383327e-05
1.678875586394e-05
9.532282251834e-05
7.506025604155e-04
4.879271376211e-05
1.690930974330e-06
3.918684080955e-07
3.057541279339e-06
2.472708492302e-06
3.032940681949e-04
5.958942525424e-06
1.921265309894e-05
1.330604093089e-05
1.187982590817e-05
5.441216465765e-06
8.038991623762e-06
7.516686105348e-07
9.245610400672e-07
6.060391053563e-06
1.852425646745e-05
3.076185518222e-06
1.041765663654e-06
1.429878136871e-06
6.286197108911e-07
4.679716894846e-06
4.171022008641e-06
2.220167017104e-05
2.918009772986e-07
4.096524867957e-05
5.250384982785e-06
9.357773560942e-05
1.613789090030e-05
1.123333416923e-05
2.806447598544e-06
2.951276639759e-07
1.097511300562e-05
8.605788705817e-07
2.534244156730e-07
5.475735475985e-05
1.272398609171e-06
2.546410188052e-06
8.175013530465e-06
1.486989228919e-05
2.428144749947e-07
9.536387450931e-06
3.592177726830e-06
2.382787006842e-05
1.563616228320e-06
3.206601858844e-06
1.196350625912e-05
2.131479506522e-06
7.676890300525e-05
1.794944232027e-05
1.089489859338e-05
8.243665559278e-05
1.345126730548e-06
2.608877014014e-05
1.346253777531e-06
1.163957081522e-05
1.617588205120e-05
4.890559963109e-06
9.166808613202e-07
8.708362494748e-07
1.711277023978e-05
7.916486761830e-06
3.619524220065e-06
5.675411233060e-06
8.003914025956e-06
3.001888326528e-06
3.610371143787e-07
5.257026049973e-07
2.551187946383e-05
3.403379808094e-06
2.525787773477e-06
4.727981924184e-06
1.191189769339e-05
4.156747450772e-05
1.437011985653e-05
5.866977318886e-07
2.398015148697e-06
2.460344855111e-05
5.145046242937e-07
5.698785930588e-06
7.763679549112e-07
5.856936157412e-06
1.946305247343e-05
1.736813487436e-06
1.805768435392e-05
3.093729291195e-05
2.584682302020e-06
8.081813151500e-06
8.662725995907e-07
7.375571512992e-07
2.821472923617e-06
5.722022903676e-06
4.262567690256e-06
3.081902147112e-05
4.557106746188e-06
4.283502790194e-07
3.790700356528e-05
8.196907874182e-06
1.345534708074e-05
1.242002651796e-06
4.180844840440e-06
3.199758685761e-06
6.167966638088e-07
2.068514482179e-06
8.977150322788e-07
5.531582215222e-06
3.248894406827e-06
2.111438876559e-06
1.089390724968e-05
1.215661219509e-07
2.656245101517e-06
6.599082663904e-05
1.439984951240e-05
5.028835638196e-07
1.353012086444e-06
7.774659971495e-06
7.189978331996e-07
3.246543004846e-06
1.248047977024e-05
9.272051818181e-06
2.425698148283e-05
8.164749500981e-06
1.809179742447e-06
1.127497684771e-05
7.350763228117e-07
7.370297124943e-06
8.736173648313e-06
7.198945962748e-06
5.356510312513e-06
3.222899202965e-07
1.346305194439e-05
9.990364335933e-06
1.492997588003e-05
2.219198185469e-06
9.654084336856e-06
2.430576781783e-05
4.374399622516e-06
1.882132483772e-06
9.746299226252e-07
4.912119676069e-07
2.169474070751e-05
2.756939796783e-06
1.110498131420e-05
1.708919743873e-07
5.314935006010e-05
5.993613101403e-06
8.874516179554e-07
1.029193700365e-05
1.355345500129e-05
4.619200366813e-07
1.142827452108e-06
1.104387781439e-06
1.225882411329e-06
2.756407364265e-04
1.714560502815e-05
3.956778213287e-06
8.275424386004e-07
1.099845363386e-05
1.153927185458e-06
3.186212605723e-06
3.732649184158e-05
3.218878496957e-05
1.994781857495e-06
3.322060122251e-06
5.718519469279e-06
2.686562674460e-06
1.615012273349e-05
4.019912505134e-06
1.457447850803e-05
2.900044938131e-07
6.348627204420e-07
2.917270249189e-06
1.569741504572e-05
