1.875105057234e-06
1.581972891131e-05
2.936067364811e-06
5.423758544067e-06
2.434852343077e-06
4.750940324233e-07
1.541613393301e-05
3.933274035621e-06
1.175971651517e-06
2.599704215034e-05
9.980452201834e-07
1.595162326245e-05
1.072115799758e-07
1.385314541187e-06
1.917768136615e-06
3.898505809580e-06
1.616821867635e-05
3.085607722156e-07
6.491288958671e-07
2.406274473800e-06
1.843321057436e-06
2.684568468498e-06
3.500218232806e-06
9.124125063742e-07
9.164449648268e-06
7.874184513999e-06
2.169764610317e-06
1.366305355279e-06
2.271311558762e-06
1.586814791049e-05
1.336811688433e-05
1.177770493751e-06
8.595962732839e-07
1.333627442242e-05
1.400287707421e-05
1.145644893635e-06
5.637634048340e-06
5.044668646922e-06
4.910014235411e-06
1.774839119651e-06
3.719304986804e-06
8.824731965075e-07
1.102721530501e-07
2.051070037346e-06
9.179215167951e-06
7.336927002677e-07
2.207222819866e-06
1.463845574316e-06
7.013043456834e-07
1.857924191547e-05
1.411259477687e-06
9.277425174951e-06
1.459853403023e-06
1.144767735834e-06
8.846287259218e-06
8.832711135715e-07
5.125419888423e-06
4.465266473732e-07
3.300654800595e-06
5.197806252945e-06
2.441263071665e-07
4.045192222177e-06
3.979758430783e-07
1.980571927357e-06
3.361939931212e-06
2.988996488803e-06
2.611341982216e-06
1.678572074627e-05
1.774934013198e-07
1.777218298595e-06
2.739953195060e-06
3.871672198493e-06
7.147736991997e-06
4.978452318343e-06
2.058073215290e-05
6.465195741501e-07
7.114951349820e-06
2.962821354753e-07
1.427620387011e-06
5.472387161306e-06
2.485090276186e-06
5.099638081788e-07
6.816867442926e-07
1.785762842742e-06
1.607566187175e-05
7.003118181669e-06
2.415868289275e-06
5.934813373836e-07
4.012631821897e-06
1.675756621703e-05
6.555806323257e-06
8.671536025200e-06
8.325224348998e-07
1.330874652184e-06
2.191330738790e-06
1.717079533588e-05
6.707765701353e-06
8.291513760188e-07
5.726301019006e-06
2.500011864808e-05
4.817135425188e-06
3.242240810315e-06
2.058748027230e-05
1.837880720945e-07
1.193213752279e-05
8.326352525214e-06
2.129150902657e-06
1.022719052393e-06
1.926484125096e-05
1.143039181642e-04
1.219170493724e-06
1.905408568828e-06
5.731999124689e-06
1.331128536870e-06
2.240264492397e-05
2.277076267082e-06
2.775934856415e-05
6.434226681887e-07
1.436955289034e-05
9.837742260409e-06
4.608590148394e-06
3.637278448816e-06
3.676228999091e-06
1.710863599709e-07
8.223261776091e-06
1.638649790178e-05
2.755032549524e-05
7.630867454701e-06
2.292601668286e-06
1.178062554687e-05
2.345250954973e-06
3.140858490334e-06
1.274026013837e-07
5.910838407562e-06
1.680289379853e-05
1.008483469599e-05
4.901540818620e-06
1.299394515635e-05
9.308671894147e-06
1.179279154877e-05
3.194848909442e-06
5.668133693226e-07
7.461333037496e-07
2.713900897855e-06
3.391640288293e-05
4.837485677829e-05
6.302262194848e-06
8.090812998253e-06
3.056156093146e-06
9.659370375099e-07
1.486801411790e-06
1.030209370469e-06
4.360622471348e-06
6.795460314486e-06
1.029054636613e-06
2.845386191821e-06
1.495323068632e-05
2.370323582369e-06
1.042282166764e-06
4.997983056551e-05
3.613688067202e-06
3.564689992584e-07
2.070047757086e-05
1.228430240726e-05
1.348626561190e-06
6.968509718440e-06
2.870026501436e-06
7.757320271372e-06
2.443040676842e-06
1.267198833871e-06
4.219465341709e-06
7.957736108894e-07
1.725792719854e-06
4.697691970001e-06
4.090061181962e-06
3.535559194925e-07
3.683240917085e-06
2.321952865070e-05
1.810064230447e-05
3.650107606712e-06
8.254899001252e-07
1.425229057432e-06
2.665753559896e-07
3.924499937602e-05
3.283494315855e-05
4.770391597749e-05
4.100718581279e-06
7.926712693131e-06
6.166926746251e-07
1.321975011199e-04
4.947153121917e-06
1.254464239623e-06
1.130712029559e-05
1.148716971723e-06
3.841231694635e-07
1.425192889306e-07
6.357276721980e-06
1.234847426889e-06
1.597953352870e-07
7.081672319321e-06
5.665220217340e-06
6.770137087014e-06
1.124075443648e-06
2.576575812569e-06
5.622462322838e-07
1.343859677088e-05
7.407506018710e-06
2.669017291587e-07
9.504085843089e-06
1.922118072242e-05
8.695025517509e-07
3.349683177639e-06
3.643219774500e-07
2.092660179203e-06
1.528117053685e-07
3.880132151501e-06
3.004042553959e-07
1.035350780078e-06
5.427017673029e-05
5.534488613978e-06
2.456450098775e-06
3.597908506540e-07
4.114007688601e-07
2.319000937383e-07
2.494229371910e-05
7.835605611488e-07
5.725783234212e-07
3.738961502085e-06
1.040247328220e-06
2.681932711242e-06
1.933267949080e-06
3.534693415009e-07
2.353832176244e-06
5.871108960901e-07
1.627238583517e-06
5.244068973964e-06
2.520152206845e-06
3.729251848335e-05
3.249990887604e-06
2.400499934025e-07
6.549902606863e-06
1.204209496099e-07
1.424917201533e-07
6.341048561240e-07
1.573718459540e-05
1.906406778285e-07
1.357866777664e-05
3.395882571649e-06
6.141590758998e-07
4.875151010614e-06
3.089278922014e-05
3.848723853733e-06
4.627318984650e-06
3.873004510703e-06
5.406425632555e-06
1.790367548057e-06
2.283228168315e-07
2.534356022386e-06
1.696455632352e-06
3.784250024248e-06
2.392619588744e-06
2.092925912264e-07
2.081712994066e-06
3.647050605230e-06
3.418254166439e-06
5.534867885225e-06
2.940122828375e-06
1.788394336992e-06
7.159342126851e-06
9.915092192903e-06
6.834608859079e-06
2.949299602086e-07
2.580755928630e-05
3.359398633893e-06
6.180325047182e-07
3.200861152686e-06
6.803665919336e-07
1.256845738388e-06
1.785684339301e-06
1.338344394089e-06
2.275156010067e-06
9.311016559813e-07
1.106272173326e-06
2.283862006542e-06
2.689041064944e-06
9.235603945519e-06
2.224864658599e-07
4.041791236845e-07
5.604737935379e-07
1.053938069733e-06
2.303511044226e-06
1.222934205488e-06
1.672368178462e-05
1.140022898942e-07
5.507742759060e-06
6.257260710631e-07
4.866932439475e-06
2.682880781089e-07
5.896017007656e-07
2.627584937443e-05
3.247934041773e-06
1.599084064945e-05
2.268595494064e-07
1.570677906236e-06
3.003728367129e-07
3.049929896283e-06
2.179502228196e-05
1.513663808311e-06
7.388805768757e-06
5.891651718279e-06
1.616104731726e-06
1.907317656886e-06
5.437475847210e-06
7.126626739399e-07
1.312876449853e-06
7.523852083946e-06
1.383237928793e-06
1.024116956456e-06
5.871918260216e-05
4.730147982959e-06
1.201188367829e-06
1.618835543398e-05
3.153597271417e-06
4.375193922242e-06
2.647106580475e-07
1.343390002479e-06
2.763221919882e-07
2.789477182052e-06
1.763837531005e-05
6.728442804893e-07
3.266374735361e-06
5.767826173560e-06
4.947087314073e-05
3.208477875231e-07
2.049045988238e-05
1.177874671116e-06
3.025191558752e-06
3.669882512957e-07
1.119362079532e-05
9.713041816979e-07
4.419505129554e-06
1.008550597619e-05
4.314132506090e-06
1.418277630046e-05
2.242577061309e-06
2.316141180165e-06
1.534079611266e-06
2.303583704189e-06
1.328106799431e-06
1.331237007161e-06
1.109490240337e-06
4.115563590112e-06
8.255933450014e-06
7.720790542675e-06
1.539821757448e-06
4.525679952132e-07
3.994015094405e-05
6.433074232391e-06
3.404093123308e-06
4.631498277509e-06
8.821658342200e-06
1.939060642623e-06
2.240484168400e-06
3.344001747393e-06
1.059137549109e-05
3.779967583516e-06
1.825150729061e-06
2.547234923832e-06
2.560117838723e-07
2.930494671752e-06
6.384936801385e-06
4.602404928931e-07
1.211494275454e-06
1.191694736680e-06
1.497978386829e-06
1.613667921505e-06
7.606783129041e-06
1.480511626398e-05
7.233773100149e-07
1.393279994226e-06
1.773625634381e-05
6.132986222518e-06
3.709116159498e-06
9.131229065553e-07
1.467880977692e-07
2.721399800293e-06
2.576564937786e-05
7.646303553897e-07
1.833697013918e-06
1.624007173840e-06
3.269547974380e-06
5.882061455385e-07
2.081169653954e-06
2.477052234949e-06
7.654631942344e-06
4.533190037845e-06
1.555414189795e-06
7.519554925136e-06
4.055664422924e-06
4.934332060710e-06
7.698563101113e-06
3.009213200411e-07
1.691824544955e-06
1.782084858369e-07
5.899011798384e-07
4.398523633388e-06
6.894048823386e-06
3.553160826463e-06
2.456896554002e-05
1.874892446188e-06
2.898336551573e-05
2.087703118342e-06
7.322653453068e-07
4.087890453105e-07
1.944242418120e-05
1.006136000703e-06
1.667034415155e-04
4.810854974099e-06
1.086329969509e-07
1.889128810637e-06
1.771319575456e-06
2.715252441599e-06
6.490436618474e-06
4.337800777612e-07
2.711676181545e-06
4.218664152621e-06
7.184458416658e-06
1.446571367343e-06
6.743271198918e-07
3.431443513879e-06
5.405948957414e-06
4.201593680784e-06
2.407405900467e-06
5.354728052752e-07
2.661536936173e-06
3.342138475163e-07
1.308578810986e-05
1.012091151544e-06
1.006648648400e-06
1.576281533891e-06
2.680587997609e-06
7.075885241602e-06
8.964540611207e-06
6.109055476228e-06
1.664596874130e-06
4.748262694270e-07
5.991825308432e-06
2.925280290470e-06
4.357758601613e-06
1.865664548608e-05
5.720566584676e-06
2.938684556377e-07
2.202818494480e-06
2.752335068255e-06
2.229442932278e-06
3.402189130520e-06
5.552943281677e-06
1.208993437887e-06
1.773402929857e-06
3.246398748771e-06
9.918173755077e-06
3.705256858629e-07
1.764968815184e-05
4.054105709378e-06
1.507973527397e-06
4.088710300510e-06
3.439325073574e-06
1.914718498496e-07
1.808693617872e-07
1.710599973956e-04
1.468365840583e-06
4.353273547259e-05
3.292544015319e-06
2.937212973450e-05
1.430495829943e-06
1.268856360482e-06
1.527598846683e-07
1.546900024349e-06
2.708373324363e-07
5.815725297145e-06
1.135563339760e-06
7.993885767535e-07
6.403091935468e-06
1.963724680192e-06
2.784717272131e-06
2.779602916453e-06
1.205178584679e-05
3.153976380313e-07
2.672462143184e-06
7.189577954718e-07
8.626709227180e-06
3.406798596549e-06
7.486810329826e-06
4.367846308089e-06
1.284979868560e-05
2.076580193370e-07
1.206945298484e-06
1.570933325099e-05
1.301623053703e-05
2.583520720062e-06
5.736201349053e-06
5.706843044323e-06
1.010726817677e-06
2.926283029710e-05
1.583442726450e-06
6.115425739804e-05
1.567395184042e-06
3.493198977799e-06
2.162302378854e-06
3.493354335563e-06
7.604296604519e-07
6.404220370329e-06
1.283793062493e-06
1.769159762725e-06
8.445455783144e-07
6.255700669381e-07
6.437368131707e-05
2.006692625304e-06
1.840356359430e-06
1.145391546404e-06
3.736624294837e-07
2.149970079303e-06
1.790002379568e-05
2.318785427620e-06
8.737095793093e-07
4.579164015552e-06
5.478617955596e-06
4.633223727619e-07
1.425736241912e-06
2.563293866443e-06
1.254360774502e-07
5.595664287662e-06
8.768095658937e-07
1.525248672234e-05
4.610529148152e-05
1.751006506245e-05
5.813055343273e-06
1.723480191613e-06
6.597946912371e-06
8.347811069655e-06
7.766966720143e-06
2.949026089167e-06
1.105101806969e-05
7.103181678472e-06
2.060907777315e-05
5.801661289707e-06
3.575719261526e-06
4.147722000263e-06
9.212720282072e-07
9.947354578317e-07
5.031646403355e-06
1.664025322106e-05
1.536770078433e-06
3.070832834423e-05
3.034324435986e-06
9.719464994762e-07
5.445089664984e-06
3.360813228285e-07
9.135412002006e-06
6.627465287639e-06
3.431764551455e-06
5.324194669772e-07
1.729233361433e-06
7.509103432723e-07
3.102053677547e-06
3.448054836243e-06
2.994093359563e-06
8.257346944548e-06
2.358205358877e-05
1.790676084643e-06
2.664611066662e-05
8.601206099383e-06
8.316170624657e-07
5.465488729661e-07
7.117220643450e-06
1.981617197127e-05
1.781011342638e-06
6.574265783076e-06
1.727572989593e-06
4.153193346567e-06
9.312371389272e-07
1.280491391314e-05
8.801571147728e-07
2.059500474233e-06
4.661625234911e-07
2.230258031339e-06
2.038557712055e-05
9.740929779077e-06
7.273744124313e-07
1.276698819865e-06
2.379266300927e-07
1.898999018256e-06
5.349333583546e-06
2.903851184605e-06
7.875363799565e-07
2.277570818052e-06
7.319452224267e-06
8.868025762022e-07
3.736366118422e-06
6.185733189641e-07
2.495690379087e-06
1.548919086139e-06
1.586949064132e-05
1.723210863954e-06
5.174052098200e-06
1.859024293886e-06
1.643792793238e-06
8.869793088119e-07
3.660399163283e-06
1.009735400185e-06
2.041542490208e-07
4.417457751986e-06
6.821310301690e-07
1.107322169127e-06
1.138363904873e-05
8.938238372932e-07
5.811214858018e-06
1.621289657469e-06
7.255955128317e-07
1.630653907056e-06
4.974947843199e-07
1.711288313333e-06
2.037944732979e-06
6.562585806999e-07
5.921758478082e-06
1.738449974961e-05
1.130589994210e-06
2.571457594146e-06
2.366197019370e-05
1.218353645104e-06
1.009172945875e-06
2.310836970592e-07
