1.841247942323e-05
2.963299072336e-06
2.069965203756e-05
1.401229191388e-05
4.696432875613e-07
1.061399640975e-06
5.119829195882e-06
1.644740744000e-06
1.980404028149e-05
5.146124718417e-06
3.183263246454e-05
3.590086866696e-07
3.254156817912e-05
2.553735545845e-06
3.128572596910e-05
1.537510082097e-05
1.046693463140e-06
4.503944882457e-06
3.873026093464e-05
3.242162241635e-07
4.794457940580e-06
4.772590388062e-06
4.652922620085e-06
3.421422671051e-06
1.321170859396e-07
1.216174364116e-05
1.451434443828e-07
3.231217253363e-06
1.206224482903e-06
1.273768025040e-05
3.013372427476e-06
4.555185074176e-05
3.618575573206e-06
1.458468379248e-06
1.720514333309e-05
2.327834776452e-05
4.985940623158e-06
6.380302998601e-07
1.542307046548e-06
1.175660074926e-05
8.171679703994e-06
4.944057575969e-05
3.357116139571e-05
7.444198858609e-07
6.541419590103e-07
2.990759023019e-06
4.215526896174e-06
5.884539934597e-06
5.567535396896e-05
1.046936998004e-05
7.165767674508e-06
3.367128199252e-06
1.392628407352e-06
8.258029177263e-07
2.024944531831e-06
3.245122285466e-06
1.819574394320e-05
5.384436635819e-06
3.781077260103e-07
6.537103321847e-06
3.039048967078e-06
2.957999198676e-05
3.913309079009e-06
4.356138826616e-06
2.755802506854e-06
3.841300958661e-06
3.257537669860e-05
1.397000357467e-05
1.312735838845e-05
1.358097456351e-07
2.233795059617e-06
3.185591870059e-05
2.055361353706e-06
1.625831304373e-05
2.618629105114e-05
1.439408298540e-05
4.665748984928e-06
1.191303019086e-05
1.315084318352e-05
2.901739374396e-06
2.699283261735e-06
4.619481635596e-06
2.476143120029e-06
2.430309489222e-06
1.030348386242e-05
1.147828616084e-05
5.421492272382e-06
2.505260803376e-06
3.290361897808e-06
1.103378615926e-05
2.534449545277e-06
2.786617535467e-06
2.109559687109e-06
5.075198285781e-06
1.032753863517e-06
2.134887098783e-07
8.203026479799e-06
4.387966534558e-07
1.976211300278e-05
5.157072581319e-07
1.158630588566e-06
1.714161514575e-07
1.163009972509e-06
2.018710133078e-05
1.511506700802e-05
5.691627627463e-06
3.923906160155e-05
3.190615633166e-06
8.460717493471e-06
1.098316230932e-05
1.799002551879e-05
1.579757708041e-06
8.291671723651e-06
5.931457763918e-06
4.650354089619e-06
2.259873373749e-06
5.284281487273e-05
1.703427979665e-06
1.756041363743e-06
2.945763836624e-05
5.512016797309e-05
6.153191141201e-06
3.191624111624e-06
6.639907893244e-06
5.420295614912e-05
3.022214815570e-06
8.916905587414e-07
1.055513019558e-05
7.461677480622e-06
1.323707791000e-05
2.198258617710e-04
7.942824875053e-06
2.970835962423e-06
4.487409425820e-06
1.214351814005e-05
4.272120028548e-07
3.388097460511e-07
1.153320789981e-05
4.453487553905e-06
1.111649249847e-05
2.015795861248e-05
8.783252322493e-07
2.620041093106e-06
1.512465063528e-05
2.410910320211e-06
1.725129179902e-05
6.398394539028e-07
1.315238883046e-05
4.079171265035e-07
8.560588424379e-06
1.081926900503e-06
1.431596098152e-07
2.269226587100e-05
5.487634526741e-05
4.770694534420e-06
1.954642580613e-06
7.370999677226e-06
5.516462462926e-05
4.171107863343e-05
2.613635614889e-06
2.071168950957e-06
1.214887107633e-05
1.756371002975e-06
2.014200758260e-05
2.085909099115e-05
1.204767383672e-05
3.295345416968e-06
1.119346440390e-05
7.258458560325e-06
3.409631680883e-05
3.182253594147e-05
2.219399899573e-06
2.104864121319e-06
1.839092596095e-05
1.618885662003e-06
2.865206423118e-06
1.395478833549e-06
3.402070607504e-05
4.065863301267e-07
3.248358174344e-05
2.787922123809e-06
7.395808795782e-06
6.180564648655e-07
1.516704090308e-05
3.341813614130e-05
9.027818338979e-07
1.243436788915e-06
6.048219051519e-06
2.266263263514e-05
7.604940773660e-06
2.456121451915e-06
4.402542232166e-05
6.073439788191e-07
1.069182122535e-06
2.565237448972e-04
7.737464688565e-06
5.142584590795e-05
4.582313802637e-06
1.740319291916e-05
1.591825814075e-04
1.464801833465e-06
2.229984491065e-05
1.671775571565e-05
2.755943917315e-07
1.844215429923e-05
8.626795132790e-06
1.843754848737e-05
1.886707432384e-06
1.685137252953e-07
1.780563475249e-07
3.524978393811e-06
4.759157925330e-07
7.928699676167e-06
3.855606330842e-06
2.362574486470e-06
1.840476489285e-07
2.056781636988e-05
1.217384081877e-06
1.187556769476e-05
2.978252435927e-06
5.467950214673e-06
1.649900663450e-05
8.821061581363e-06
8.011251083283e-06
8.752678829085e-06
1.499217061719e-06
9.349178277149e-06
8.022289429823e-07
1.324074040516e-06
1.816596344528e-06
3.937904011752e-05
1.875502840409e-06
5.480055506642e-06
4.333734601773e-07
2.073923836728e-06
1.130108920167e-06
7.434725006585e-06
3.870641659382e-06
7.976811579498e-06
2.783966649992e-06
1.852204391734e-06
2.052682990280e-05
3.033376967225e-07
4.560593269163e-06
5.966107647170e-06
5.619024665294e-05
1.719143398556e-07
4.799107075802e-06
1.612757362900e-05
1.923902163772e-05
7.744514372294e-06
5.285788571428e-06
8.183485455216e-07
5.767739373887e-06
7.457418279374e-06
1.178443574068e-06
1.507141520223e-07
2.462510202444e-06
2.332851307106e-06
1.615717411816e-06
3.468336541655e-06
2.496402426245e-06
3.905985395075e-06
1.430095125083e-06
4.015984060158e-06
1.709634995713e-05
1.442367592273e-05
5.522030600306e-06
1.295870607726e-05
1.714050206284e-07
1.956390567712e-05
4.464090451749e-06
9.842150643508e-06
9.587226416361e-07
5.228203691461e-07
6.415139529362e-06
4.429668569363e-06
1.550528245652e-06
6.716476237120e-07
4.374818642939e-06
1.379074834464e-05
2.039208563887e-05
2.452634910555e-05
6.516233208437e-06
7.342287539061e-06
1.380894482933e-05
9.959072500229e-06
1.083044020123e-05
3.914499069827e-06
5.305084959473e-06
1.901283494953e-06
1.610856158051e-06
2.063354424882e-06
1.393707352964e-05
2.417452261706e-05
5.264341274146e-06
4.844522348756e-05
5.496517378578e-06
1.329992488901e-06
4.384744679941e-07
6.049964136831e-06
1.534883199927e-06
2.299513386952e-06
1.704594269336e-06
6.283417908411e-07
1.893801874625e-07
7.680388297495e-07
4.931410350866e-06
1.391479443942e-05
1.099377856125e-06
1.742410571802e-07
3.159405041554e-07
8.990378182182e-06
1.022900760101e-05
1.888053064512e-06
9.602721756517e-07
4.724599722162e-06
1.572739769604e-06
3.357815819675e-06
2.645279056471e-06
1.398517746208e-06
4.718137005363e-06
7.181759858390e-07
1.041290375042e-05
1.942575193521e-06
4.531365661910e-06
1.420442439571e-05
5.399187498479e-05
6.729580321984e-07
1.160029561171e-06
9.565370209335e-07
2.106689202503e-06
6.335075134806e-07
1.217192483185e-05
2.587613768491e-05
6.906311533187e-07
1.783647077990e-06
8.099293792793e-07
1.297277909836e-04
1.003725006376e-06
3.937501964516e-06
2.650613439570e-06
4.614014226474e-05
1.406574331592e-06
2.030569037354e-07
6.598549953566e-06
3.853051785269e-05
1.771998912003e-06
3.752472803755e-06
1.607381154019e-05
3.160187430070e-05
1.458786179464e-06
2.521903293545e-06
2.752346914900e-05
1.813849285167e-06
1.768698363016e-06
7.381551308756e-05
7.189433333651e-06
2.531552821858e-05
2.772575476970e-05
6.896962043177e-06
1.085917815310e-06
4.306966767121e-07
7.607493726931e-06
2.954542737966e-06
6.651006088137e-07
4.274061605514e-06
2.293921745392e-06
4.422797526413e-06
4.403405748873e-06
2.060548716603e-06
4.492000841218e-05
9.355583055504e-06
7.401104021175e-06
1.269635775604e-05
5.959959327091e-07
1.333036644832e-06
5.340719351568e-06
3.876701612347e-06
4.462361223687e-06
2.700913560028e-05
3.494515209266e-06
5.022330369680e-05
5.826391448285e-05
4.427822901101e-06
1.838144635039e-06
4.585488816036e-06
1.156870568415e-05
5.831650702620e-06
7.345157098855e-06
2.057342770869e-05
2.954438504658e-06
7.220349078335e-06
2.766201516093e-05
2.243139194950e-06
5.472978043448e-07
1.465765405059e-05
9.722748157806e-06
1.433054942260e-07
6.589239440683e-07
1.807222401771e-05
3.593663293606e-05
3.540875062985e-05
1.264643011185e-05
9.701687094989e-06
4.639376553091e-06
2.497951129401e-06
1.628278502954e-05
8.552951966349e-07
4.714154176207e-06
1.683001003340e-06
3.021458153757e-05
7.806509493258e-05
1.278822700220e-06
1.065069499275e-07
6.844222821520e-06
2.650655760569e-06
1.870264214947e-05
1.462463134178e-07
1.441367339126e-06
2.808202624944e-06
4.617248593809e-05
6.326839349614e-06
9.684559268834e-06
4.555347654776e-06
4.295778848097e-05
6.000169328261e-05
5.699975339486e-06
1.893348546009e-06
1.005836669682e-07
9.687833702682e-06
1.414243501928e-06
5.689820937764e-06
1.057360005564e-05
1.093265682605e-06
2.282501611554e-07
1.123779807484e-05
1.770992217217e-06
1.998632681345e-07
7.187670544054e-05
1.335624525983e-05
1.749295330352e-06
3.403599139673e-05
1.915289932469e-05
2.330982405247e-06
1.293485337363e-05
2.293999168205e-06
1.850948959448e-06
3.017686753484e-07
2.026816838398e-06
9.526492588559e-06
1.725887328775e-05
5.975637377915e-06
4.968560717908e-06
9.707822224926e-06
4.091093310251e-07
1.438413806773e-06
7.494249784426e-06
3.144324459481e-06
4.604463505954e-05
4.353774342217e-05
1.126818871404e-05
4.291561677786e-07
1.574859536804e-05
3.066463871269e-06
3.494737205266e-07
9.427104833035e-06
7.620586155069e-05
2.914072188635e-06
4.678823221995e-06
1.829858909910e-06
5.331856675317e-06
6.662050070170e-06
3.247992632760e-07
1.075982616834e-05
2.689566646549e-07
2.252807802037e-06
7.730445043905e-06
8.568667682551e-06
3.042526645266e-06
1.664907171267e-06
1.455172376609e-06
5.223101567682e-06
7.016245211414e-06
1.975838521717e-06
3.723113925397e-05
6.289770905304e-06
2.018379439352e-05
1.406954697525e-06
3.329729936690e-06
9.632650575733e-07
1.162271186116e-06
3.075871777783e-06
1.843080287907e-06
1.238538504015e-06
2.500816579921e-07
6.048362266742e-06
1.140581119549e-06
3.121493423847e-06
3.584692943095e-06
6.508107212523e-06
1.686902409866e-06
2.657779627659e-05
2.540551956410e-07
5.919893338180e-07
7.766315569149e-06
3.888335491221e-06
3.618063863393e-06
2.119602333058e-06
1.691503813069e-06
4.542103703195e-06
1.934563110578e-06
1.092849443108e-05
3.987599187009e-05
4.272175894402e-06
1.438138230457e-05
3.957326290794e-06
2.532469324147e-05
3.686067260240e-05
2.219769562811e-06
2.167829518168e-05
2.725438676895e-06
2.107721193989e-07
9.230028923981e-06
2.086193468276e-05
8.815542854501e-07
5.027131709196e-07
8.361120936476e-06
6.837902360548e-07
9.635206608229e-07
4.427690707868e-05
2.057606226063e-07
3.522997875724e-06
3.896708617318e-07
5.680163376701e-06
5.956763048303e-05
6.901673420501e-06
4.103320528735e-06
1.255988013016e-06
3.091475378972e-06
2.455670813293e-06
7.042725652643e-06
3.353369816522e-06
8.119794631497e-06
1.364530185098e-06
7.808259340259e-06
2.622284890305e-05
4.374441364269e-06
2.710762779833e-06
3.007269111034e-06
2.540987573717e-06
8.654757248429e-07
5.941779282320e-07
1.358202912033e-05
7.487175772976e-06
8.827266615301e-06
3.708989907676e-05
1.935376876132e-06
8.137628074775e-06
1.854924966292e-05
3.755453524611e-06
1.143745605005e-05
2.432317264110e-07
3.891844068156e-07
1.392674587423e-06
1.449151140482e-05
5.745948796718e-06
1.316364986870e-06
7.575443176529e-06
6.865589364241e-06
4.363359666733e-06
5.849246281833e-06
3.481767180495e-06
4.082291983853e-06
3.703013844999e-06
1.461888242319e-05
9.213598299483e-06
3.661505004027e-06
8.148269666448e-06
1.409307926325e-05
2.165572032649e-05
1.560613017381e-06
1.669522317625e-06
6.034821728618e-06
7.626468988184e-07
1.146926143107e-06
1.897871448113e-05
6.705048070041e-06
5.950366914105e-06
2.391284526892e-06
2.382828404912e-06
2.904006855027e-07
3.314873221054e-06
3.717693391214e-05
2.177668566131e-05
3.328943915614e-07
4.848795339165e-06
3.385298371334e-06
1.190292904358e-06
6.477710708338e-05
1.039406493057e-05
2.918730944943e-06
4.006426751990e-06
2.962239990370e-05
4.558445870154e-06
1.086505730693e-06
3.999176278892e-06
1.147642504754e-05
4.121181727185e-06
1.659107305215e-06
6.994471605015e-07
1.004909128391e-05
4.946470730001e-06
1.219592051178e-06
7.329023806650e-05
5.992255925766e-05
1.148734202071e-06
1.394357454806e-07
7.869718022972e-07
9.553973659658e-06
1.185127764955e-05
6.924039403843e-06
8.646638241008e-06
1.685060951047e-06
3.361942062827e-05
2.046805284599e-06
2.575517175140e-06
3.379915243520e-05
2.084809398057e-06
9.175397291863e-06
1.098627792201e-05
6.141417891547e-06
6.005959714579e-07
2.557081151242e-06
1.673955929770e-06
1.261301625364e-06
1.414769615080e-06
3.250447258679e-06
2.001689992560e-06
5.412708931465e-05
3.270047921162e-05
1.902963383414e-06
4.007741060581e-06
2.436339963410e-06
1.602368229014e-06
1.918707939178e-05
1.086162130706e-05
4.397711246437e-06
2.974943916082e-07
1.909132415799e-06
4.015377466538e-06
6.724996219785e-07
2.479680915686e-05
5.358364578844e-06
4.201400959744e-06
3.848791692815e-06
1.041074677189e-05
3.802976323658e-07
1.163526699873e-06
5.417935225643e-07
1.593116418455e-05
5.496516050575e-06
1.068870193769e-05
8.352478825474e-07
1.424825507165e-05
2.512257839174e-06
4.002221205818e-06
1.206148696876e-05
4.768170613030e-07
7.732822887824e-06
4.688321243618e-06
7.378415027906e-05
3.514054634854e-06
4.408800863086e-07
2.586732882919e-05
1.061260774193e-06
2.827764691972e-05
1.922765113447e-05
1.933402407867e-06
9.787713075009e-06
1.769811947973e-05
8.071760916014e-05
1.391830847286e-06
