2.875371920388e-07
1.743287321046e-06
5.003251313375e-06
4.115814786754e-06
6.177531728947e-06
8.347768584100e-07
1.927808893570e-06
6.661813781496e-06
4.967570306488e-07
2.381739652103e-06
6.592807794237e-07
2.644250515856e-07
8.328028162822e-06
9.792905646300e-06
2.234924049267e-06
7.381012525061e-06
7.386229166368e-07
2.158200362014e-06
4.795413426499e-06
7.196223789633e-06
5.329133059340e-06
1.540144043503e-06
7.131571104648e-07
4.738121147334e-06
9.685793524326e-07
6.198027220675e-06
2.529912826069e-06
7.019910534000e-07
5.175626643844e-07
7.290437157319e-06
9.096303006613e-07
1.583769829997e-06
7.018619232882e-07
2.082096022199e-06
3.455547656215e-06
2.472395904893e-06
3.662679963379e-07
1.799547528187e-05
2.380862597230e-06
6.137619175576e-07
8.077729361860e-07
4.433162237372e-06
7.319644971049e-06
3.942427120053e-06
8.090579059879e-07
4.333188544120e-07
1.093316456057e-05
4.746375917911e-06
4.911515027145e-07
5.281720699195e-06
8.317930834427e-07
7.308407330639e-06
2.501668062317e-06
4.496774216467e-07
7.798566261066e-07
6.856094127044e-06
1.489976662462e-05
1.417847794644e-05
7.311409808119e-06
4.698591315841e-07
8.742264700668e-06
1.368253761355e-07
8.426419977631e-06
3.850793164119e-06
5.987367177761e-06
4.575961972638e-05
4.492956112176e-07
2.156113694936e-06
1.067852041414e-06
1.590936776839e-06
8.570732577776e-06
1.673851078138e-06
2.298728246961e-07
2.370273840453e-07
3.802039547665e-07
4.936385763272e-06
8.266226558503e-07
2.186427836474e-07
2.101668591124e-06
1.324843724312e-06
2.429351387917e-06
5.212408799496e-07
1.098061494007e-05
2.660970270792e-06
3.715408641318e-06
2.110095830069e-06
1.132322627467e-06
1.563897319399e-05
2.641007474439e-06
1.181003917478e-06
2.099258382954e-06
1.139489867636e-05
3.533935510325e-06
2.313064435950e-06
1.051469167815e-05
1.048352902598e-05
7.723731675788e-06
1.312451771147e-06
3.140275227017e-06
1.288848935944e-06
3.409365260825e-06
2.553097559401e-06
3.841753204531e-07
1.215943163499e-06
7.609279417279e-07
1.394697549566e-06
1.417878154000e-06
5.978274906689e-06
2.141904185769e-06
1.275161496098e-05
3.983956728587e-07
7.072051214756e-07
8.718613277695e-06
1.613793008742e-07
5.334820135710e-07
1.048605973455e-06
5.146816350054e-06
3.742910024822e-06
3.492951657929e-07
1.156709583668e-06
1.293784438343e-06
6.387316648972e-06
1.443408516935e-05
1.533768277879e-06
1.419163699690e-06
9.916214656402e-07
5.160367083172e-06
1.260530446166e-05
4.308054883290e-06
1.540893722629e-06
1.919705440833e-05
7.108192563365e-05
2.412775975739e-06
3.619038219418e-06
1.215312828915e-05
1.133142602188e-06
1.351886373048e-05
3.332295563745e-05
4.881652163391e-06
3.864932950629e-06
1.203016966724e-07
4.902763399223e-06
9.508719976073e-07
1.244656574547e-05
4.066144579945e-06
3.629946410179e-06
2.262408951593e-06
1.752818087321e-06
4.736531765897e-06
5.754525450171e-06
3.408309415683e-05
4.572256282404e-05
1.673010935696e-05
1.530744076994e-06
2.011677708455e-06
1.123931118575e-05
2.282307933233e-06
9.267617340467e-07
1.204372868154e-06
4.987337468082e-07
7.948220839966e-07
5.944739955619e-06
9.352528011465e-06
7.798297791817e-06
6.683117843934e-06
7.570568697625e-06
1.281307396992e-06
1.986882214973e-05
5.396388216997e-06
2.290578472037e-05
1.564533537247e-06
3.500645585542e-06
2.695204359593e-06
3.395349416292e-07
2.383038408463e-06
1.285617103234e-05
1.957335252757e-05
1.174219008072e-06
6.297453113074e-06
1.622146492126e-06
6.846607068118e-06
5.374371883127e-06
1.479686959914e-06
8.576645674932e-07
2.161223518486e-06
2.016518144040e-07
9.200040534590e-05
5.583292138358e-07
1.017469296516e-05
3.773491767360e-06
6.512188176508e-07
5.265050898910e-07
7.170631629831e-06
1.764377818761e-05
2.422059921304e-05
1.127910189466e-06
9.708420480493e-06
4.194866911679e-07
9.928641507765e-07
3.458864479925e-06
6.971948767874e-07
2.624572075647e-06
8.429184531708e-06
2.320678293903e-06
1.299829480874e-06
2.609237159009e-07
2.741100707692e-06
2.576438977011e-05
1.377141066677e-06
5.297572799060e-05
2.322077281475e-06
2.278197816385e-05
5.555454614526e-06
5.396757865823e-06
6.409898547181e-06
2.808864651011e-06
1.025711322197e-07
1.037885143333e-05
2.665420763432e-06
9.127621679442e-07
1.003298226957e-05
8.242764194300e-07
4.889548346229e-06
5.359007594462e-06
4.064423044999e-07
1.391736705702e-06
5.022195633745e-06
5.251218675801e-07
7.760570675426e-07
2.238959523608e-06
1.015831346888e-06
3.577733779130e-06
3.247727867810e-07
1.832036954676e-07
1.404646906627e-06
1.789068190952e-05
2.608933948873e-06
4.359276735649e-06
6.023407437354e-06
1.110908831694e-05
1.000453227232e-05
8.657949698109e-06
3.736545780460e-05
1.689624482556e-06
6.707028547288e-06
3.726400242222e-06
6.024043831981e-06
1.299814681214e-06
7.220962198272e-06
2.119519714315e-05
7.942815599604e-07
8.992169592265e-07
1.047958323425e-06
1.076280516915e-05
2.128889204805e-06
1.359297471484e-05
9.574074684152e-06
1.912787550365e-06
9.385997362184e-07
3.092508016520e-06
1.363545469906e-06
5.957866099619e-07
2.515685243889e-07
1.117895322466e-05
1.093143285273e-06
1.365828793104e-05
3.369564643447e-06
1.279975056232e-06
2.450151629150e-06
4.708528209773e-07
3.101096544492e-06
7.287798990332e-07
2.177892892401e-06
1.866474731175e-06
6.765192856754e-07
4.853766167337e-07
8.231690100657e-07
3.727928843824e-06
4.510618445445e-07
4.651660600949e-06
6.505804769024e-06
7.449740628155e-06
1.565501859696e-06
4.429496679098e-07
5.912668703570e-07
1.559838757883e-06
4.315192373162e-06
3.127061475937e-06
5.428973839968e-07
2.611679491949e-06
4.862661876943e-06
9.441142354129e-07
1.896939960078e-05
9.783504823821e-07
5.313410641339e-07
7.486415881837e-07
6.170264005839e-07
4.566281285126e-07
2.323707558542e-06
7.171736558959e-06
1.562549592289e-06
1.267554389203e-06
7.823002066322e-06
1.128509457361e-06
1.591882324732e-06
7.111451031500e-07
2.449621763930e-05
3.191581963368e-06
2.695732394269e-07
2.045881937797e-06
1.031788342339e-06
4.603069459236e-06
1.014757586152e-06
4.957622182687e-06
3.474401986947e-07
1.220757461879e-06
1.000473132145e-06
4.234158510552e-06
1.197526980474e-06
7.925431690242e-07
3.786662121379e-07
1.771118225467e-06
2.609524635988e-07
1.282201129570e-05
2.091883260909e-05
1.219782568958e-06
6.971283223432e-07
2.109532497615e-07
6.588159572718e-06
4.431096218494e-06
2.777025785770e-06
3.351614367067e-06
8.453767223462e-07
2.336311727611e-06
1.530002845660e-05
8.585000039929e-07
1.130993561146e-05
1.792853134028e-05
2.291674529128e-06
1.651529831600e-06
2.927408537651e-05
5.619391232718e-06
6.632334051005e-06
8.038017953877e-06
2.495113201985e-06
1.532533365018e-06
2.780790994694e-05
3.810661553893e-06
6.129546925564e-07
7.749869269263e-06
3.835340006976e-06
5.023035949300e-07
1.614434538067e-05
9.494482259085e-07
1.285712798782e-06
4.082026767831e-07
7.726623745112e-06
8.319884079620e-07
1.099130738810e-05
2.871961761901e-06
3.302169993413e-06
3.569605027545e-06
3.356957332484e-06
8.253345513240e-07
4.559285922845e-06
1.062995276537e-06
1.657916764674e-06
2.856308759912e-06
5.118833444516e-06
6.111926490165e-07
4.905484252581e-05
3.978824159657e-06
1.861406232540e-06
9.919929805690e-07
1.439544618509e-06
1.047903148973e-07
7.952665593709e-06
2.080656288317e-06
4.157291846870e-06
1.169083709177e-05
6.641679577275e-06
8.120981989638e-07
6.519607390747e-06
1.452743890888e-05
1.812319173585e-07
2.089631919072e-05
7.312898140509e-07
2.387710317636e-06
3.522865739092e-06
7.768721704113e-06
1.455871993233e-06
7.939579905124e-06
1.668034689484e-06
9.029754994498e-07
5.386315271406e-06
4.449177485800e-06
1.627860321293e-06
1.775447050110e-06
1.565397585041e-06
3.983801730222e-06
7.570897255741e-06
1.705321880586e-05
4.071335819458e-06
2.094866909166e-06
1.314182368284e-07
3.926125718519e-07
1.322539810192e-05
5.109131442170e-07
1.476899934960e-05
1.040467905350e-06
2.241233382988e-06
3.912578451073e-07
2.697956301204e-06
6.171093108671e-06
2.354362911718e-06
1.959633200849e-06
1.679913275691e-06
1.664302865473e-07
4.448957835499e-06
2.589330993380e-06
4.205445994766e-07
3.462800415061e-07
1.653956298116e-06
1.011352966468e-06
8.257458030393e-06
1.825561209086e-05
1.301555146526e-06
1.528076748977e-07
9.422007404889e-07
1.069705363481e-06
2.111558722526e-07
5.222366971725e-07
8.283453092538e-07
2.122712683000e-06
8.849924161317e-07
1.431326487008e-06
1.544536057370e-06
1.764561452196e-05
5.460867114361e-07
1.207413754970e-07
3.289106286892e-07
3.194293598919e-06
4.882108603348e-07
1.041520217720e-05
6.510902411685e-06
5.513574541386e-05
3.241846748266e-06
2.138426226966e-07
1.890023842853e-06
2.385744969460e-06
1.546738312419e-06
6.333649631862e-07
1.580775983078e-05
8.858123066328e-06
6.327447197101e-06
5.431509817752e-07
3.855023735510e-07
6.535698557092e-07
3.360193828881e-07
1.796213351410e-07
5.370365666097e-06
2.186302149479e-06
9.749244016567e-06
3.640217526434e-06
4.198990936964e-06
2.289735178542e-06
1.042346680284e-06
1.135007558338e-05
7.065343671782e-06
1.022504864896e-05
2.591211462558e-07
5.462931072166e-06
6.772384756923e-06
2.013867921648e-06
8.270471160370e-06
2.077113421708e-05
1.138760350699e-06
4.139414923158e-07
9.717595481388e-06
3.115377079357e-06
6.211730369017e-06
6.260261063268e-07
8.308548699064e-06
1.129974544985e-06
2.503914757995e-06
1.525286563117e-05
1.607416147265e-07
1.286393204360e-06
2.270858111110e-06
7.385043208108e-06
6.122153046387e-06
2.040679831924e-06
1.668244436011e-06
4.739680442155e-06
8.605208394762e-07
2.412048771896e-07
1.943716019472e-06
4.526976913043e-06
1.052857029982e-06
2.179020851484e-07
1.715827080705e-06
3.327429214456e-06
2.671631831768e-06
4.241008511838e-07
1.204409234155e-07
3.776811189472e-05
2.464075970021e-06
9.817860059913e-07
2.826900226869e-06
8.136303162629e-06
2.705572184950e-07
2.229223785068e-06
4.590084705131e-06
1.033508121276e-06
5.096563015066e-06
3.115759138870e-07
1.015398651331e-06
1.961262765061e-07
1.066611135355e-05
3.452291395430e-06
4.095794821610e-07
9.106652343027e-06
1.842376223153e-07
5.450041870353e-07
3.080608014412e-06
1.477603176375e-06
1.005912122859e-06
3.613925192527e-05
4.289210093966e-06
2.976713240487e-05
1.295410631636e-07
1.219352313031e-06
6.720255252729e-06
1.038792042860e-07
7.033898875902e-07
6.749216930266e-07
3.998712823831e-06
3.669621242387e-06
1.052898028539e-06
9.690194563332e-07
1.028701951440e-06
8.194897150193e-07
3.845121478176e-07
3.339328997214e-07
2.047631515746e-06
1.378236554143e-06
8.220704185383e-07
2.193230721692e-06
1.835063360512e-05
1.673403231945e-06
1.946034963454e-06
5.250723387060e-06
8.103849417850e-07
8.915832852857e-07
9.688367441905e-06
1.422040024100e-06
2.970724872389e-06
1.151129261989e-06
5.212684253093e-07
5.844625979703e-06
5.754660500751e-06
6.613983814594e-06
4.241222842666e-06
1.540097357170e-06
5.453642796017e-06
7.185617964958e-07
3.013314872116e-06
5.193951062789e-05
3.260348549787e-07
6.230606546415e-07
3.882360245838e-06
4.894411166227e-06
1.660755910426e-07
4.585660708392e-06
2.337668353874e-05
1.043205306586e-07
1.173275880420e-06
7.301442229120e-06
1.590438885593e-06
6.326343812147e-06
3.420276566131e-06
