3.251115347275e-06
5.069432223149e-07
5.806375860709e-07
6.068824368644e-05
5.202922173389e-06
3.284013473971e-05
1.216474062500e-06
3.284898800069e-07
4.927600293954e-07
1.186623293696e-06
6.104944420308e-06
2.573131403857e-06
1.469471425450e-06
4.320607733418e-06
1.654984642543e-05
6.429020731062e-06
9.770806568742e-06
3.205064867142e-07
2.242388252246e-05
7.641502426498e-07
1.167895042573e-06
2.889783396478e-07
4.884417184475e-06
9.800345617507e-06
4.240630126921e-06
7.342047955121e-07
4.197398005287e-06
5.756899840027e-06
1.897297822836e-06
4.434155353567e-06
5.357318036702e-06
3.197069488795e-06
3.126609936394e-05
5.830241633500e-06
4.577948808905e-07
5.787270769996e-07
8.887325152778e-06
3.046376137542e-05
8.536669345695e-06
5.813187898453e-06
1.135353458285e-05
2.833154073053e-05
8.304505692144e-07
2.745950209921e-06
3.007772981807e-06
1.095280493521e-05
5.535402492115e-07
4.448824346424e-05
2.940986431378e-05
1.804330248256e-06
5.811170142173e-06
1.956982378651e-06
5.067434123879e-06
1.333616129856e-06
1.392163748572e-06
6.872397685696e-06
6.253048987400e-07
6.489746423067e-07
1.279757652827e-05
1.924039281873e-05
1.183938593760e-05
1.397829490755e-05
5.773170103016e-06
1.534929498335e-05
2.053736618265e-05
1.907280984237e-07
4.523220831138e-07
4.485984164784e-05
7.075959595275e-06
4.050542501207e-05
1.592388070758e-07
1.567018299559e-05
2.924554755467e-05
2.654643245484e-06
3.869293796176e-05
2.834947512605e-06
3.759176665318e-06
1.171549454044e-06
1.032090033436e-06
2.167688854286e-06
1.980696836083e-07
5.444480385869e-06
5.338203854015e-07
8.479573869051e-06
1.742327937297e-05
1.041086626631e-05
1.028734514286e-05
4.555012783068e-06
4.754086030345e-07
1.302094885463e-06
9.779573582362e-06
8.002343818494e-06
2.555859766021e-06
8.846240523952e-05
3.612057406649e-05
3.096885110370e-06
8.626873006589e-07
2.311916484084e-05
4.143300121801e-07
1.248239706650e-05
1.401060108386e-05
2.069356398742e-05
8.390402013508e-06
8.747961906064e-06
2.544178746447e-05
1.386345693695e-05
4.603504227486e-05
3.835192631364e-06
3.147708277703e-06
4.041402538271e-06
3.930547117030e-06
1.769819620144e-06
9.056856697239e-06
9.330133552724e-06
8.210743408622e-06
7.692759218174e-06
2.000907233864e-05
4.133986609670e-06
5.168494102281e-05
2.624341808141e-06
1.606884467693e-05
7.707186072984e-07
5.238802990162e-06
1.642214397977e-06
2.066334611952e-05
1.124599371240e-06
6.609550309329e-06
2.629354173691e-07
3.076329663356e-06
8.320253910611e-07
1.727416594257e-05
2.003935411312e-06
2.344368719686e-06
3.584469492213e-05
4.897502593076e-05
2.426034453423e-04
4.944691360929e-06
1.845334139863e-06
3.105644555479e-07
2.349673107150e-07
4.415284863882e-06
3.306691551407e-05
4.898387953420e-06
5.748667340004e-07
2.503314335928e-05
3.940535570457e-06
5.503954859596e-06
1.212399789395e-05
1.668320353974e-06
1.090484243565e-05
9.512761892863e-06
4.232531901229e-06
7.054041365966e-06
4.596584965907e-06
9.243234439984e-07
1.790499566726e-05
1.249527618683e-06
5.506059839779e-05
8.522010120006e-06
1.906965696523e-06
1.320233290746e-05
3.032472369652e-06
1.906794208361e-05
1.065783945827e-06
1.059758100155e-06
2.004550171430e-05
1.923758760709e-05
8.598694936328e-06
1.387096941619e-06
2.716700008761e-06
9.617940088113e-06
8.663845731532e-06
1.157897085687e-06
5.199419261148e-07
7.907384067011e-06
6.897652118736e-06
1.213143505160e-05
5.075389016771e-06
6.499314337318e-06
4.868625524825e-06
4.911867296933e-07
5.994329992996e-06
2.648207218390e-06
4.173922583808e-05
5.782490802114e-07
1.053838170786e-07
4.842175575147e-06
2.288883337163e-05
3.801450628772e-06
1.222396140776e-05
1.401235828644e-06
1.096507656682e-05
8.975411880732e-05
2.880416125958e-06
8.441501407720e-05
5.417868089535e-06
2.895851970203e-05
2.562412041017e-05
3.359942400332e-06
7.874437991985e-07
1.004483076981e-06
8.123255034947e-07
7.605602659885e-07
3.110227669571e-06
2.076293369377e-06
4.519266787996e-07
2.228336292751e-05
2.522502985159e-06
2.994384403006e-06
1.542327332580e-05
3.701673497502e-06
2.626162088143e-05
3.962148839818e-06
1.702312368765e-05
6.302434957552e-07
8.505638833544e-06
4.142291319059e-07
3.786004720527e-06
1.797481071351e-07
5.704057778258e-06
1.993493385026e-07
3.476520291893e-05
1.830934956455e-06
4.151231096911e-06
1.914596144419e-05
6.266419331891e-06
7.867738832629e-06
1.891301421562e-05
1.583630223081e-06
2.345560782066e-06
5.723672753382e-06
4.167779824131e-06
1.610650683532e-07
3.004057503536e-07
5.549647663906e-06
5.682192894328e-06
1.353680274194e-06
1.144456805123e-05
3.307896744464e-06
5.417804205098e-06
6.009219048304e-06
4.175008894061e-07
1.192620207360e-05
3.152186551721e-06
5.729259420923e-07
6.155676274624e-07
2.406408969056e-06
9.794480859951e-06
2.743701114224e-07
2.895030576772e-07
8.261582189176e-06
2.666311218978e-07
6.320964357909e-07
1.642235371958e-06
1.419947599126e-05
1.446575061117e-05
7.947574556261e-05
3.990927725096e-07
2.955962186234e-07
8.050819947835e-06
1.730416598672e-06
3.563364233963e-06
3.170180348423e-06
1.179189246791e-05
5.895102342445e-06
1.648181819147e-05
1.148024092916e-05
7.534922533995e-06
5.029955247650e-06
4.082511276539e-05
6.986944172837e-05
7.308647044770e-06
9.832926674934e-06
3.623699734778e-06
4.049025735274e-07
1.434064908521e-06
1.425636024063e-06
3.584951843849e-05
5.551934434764e-06
3.405581495044e-06
2.405731034662e-06
1.213570556237e-05
4.213506063767e-05
9.488055940574e-07
4.157871123684e-06
3.396866398403e-07
6.942741496557e-07
1.401660889694e-05
8.014731203758e-06
1.970476901258e-06
3.742917240258e-05
5.070383482316e-07
1.832872357860e-06
5.486457746240e-07
1.592895040975e-05
1.355795612793e-05
1.041207809802e-06
6.721060439397e-06
1.259402490567e-07
6.218096484990e-06
1.010374876063e-05
1.084594356660e-06
3.584078796314e-07
2.482431652267e-06
6.011333519171e-06
7.442844925420e-06
3.728094088200e-07
1.287810463927e-06
1.496965078531e-06
9.375846700392e-07
1.312815239560e-06
7.064361080353e-07
6.929773454320e-06
6.695565978783e-06
2.268056438201e-06
3.184737734384e-06
1.830827691162e-06
1.901084662438e-05
5.093407151119e-06
9.926058430431e-07
1.990869334878e-06
5.602834563362e-06
6.453941533217e-06
4.105723020845e-06
1.231463493435e-06
8.267528162716e-06
4.080417373498e-07
1.078083478325e-06
2.755778166770e-06
1.802265105844e-06
5.868011939787e-07
3.619975410763e-07
2.563010496359e-06
1.506999475448e-06
8.696211561705e-06
7.993788013715e-06
6.120289212747e-06
5.117766773593e-06
4.457009828032e-06
6.006902344542e-06
2.399547942934e-05
3.384218569725e-06
3.154504756505e-06
3.061487244939e-07
1.760117968421e-05
8.666330503126e-06
5.752317473836e-06
5.159130004724e-06
5.900912760404e-05
3.344833435129e-06
3.813470212950e-07
6.258783811167e-06
1.066421370805e-05
7.439896667967e-06
9.437066872317e-07
1.875242083296e-06
2.887621570683e-05
7.389863661920e-06
1.081730132118e-06
9.588373774269e-07
2.653001347303e-06
1.041166153486e-06
9.555617044730e-07
3.180306317358e-05
3.263621415265e-06
1.093292386594e-06
9.768873221409e-07
2.413974074682e-06
7.118314994345e-07
1.041249522404e-05
7.018297505430e-06
1.130750698176e-05
3.656162142409e-06
6.847488573498e-07
2.075735953616e-05
7.589753306323e-07
2.309333048036e-06
4.003035647850e-06
1.458247658569e-05
2.062577805255e-05
6.013871778790e-06
3.732293071402e-05
1.746239290381e-07
1.347374735552e-05
1.841685241324e-04
6.239509997372e-06
2.161215621996e-06
9.786991320451e-06
7.978047735771e-07
1.602378489309e-07
8.740196923249e-06
3.008004637533e-06
7.374927451583e-07
6.317862990804e-06
1.877286086347e-06
1.071966612356e-07
1.203938201615e-05
9.864238614314e-07
5.627292177853e-05
8.601047355866e-05
2.477441593917e-05
2.615937667177e-06
7.221398861524e-06
2.036137625937e-06
4.183038103266e-06
1.173186684076e-06
9.687568730558e-06
1.585329494190e-07
2.028597718335e-06
3.767109646049e-07
5.644843419613e-07
5.662743507053e-06
3.857969955278e-06
2.879139488095e-05
2.040570524537e-06
5.191936399839e-07
9.027023769988e-07
3.049876462977e-06
2.562509483439e-05
4.191609241817e-06
1.753408760926e-05
4.515313693220e-05
2.539271409653e-06
2.307540555775e-07
1.503882719851e-07
7.518014057338e-06
1.795065939715e-05
4.542442484316e-06
2.450994445128e-06
7.115476329271e-06
1.361764606135e-06
8.874380117530e-06
